100 100
2266 2361 2268 2106 2210 2233 2616 2321 2349 2265 2201 2202 2391 2382 2038 2156 1852 2251 2051 2449 2172 2123 2197 2170 2444 2039 1996 1997 2298 2331 2206 2436 2004 2355 2327 2244 2294 2534 2174 2466 2208 2265 2139 2500 2185 2276 2054 2403 2279 2178 1998 2101 1980 2253 2148 2314 2253 2485 2411 2527 2304 2038 2214 2445 2337 2003 2074 2566 2038 2320 2133 2189 2588 2198 2166 2149 2120 2192 1841 2403 1887 2610 2050 2240 2419 2278 2180 2225 2563 2119 2059 2176 2294 2255 2487 2315 2158 2351 2186 2127 
2016 1839 1870 1673 1773 2085 2188 1863 1902 1764 1993 1966 1945 1802 1790 1645 1645 1903 1857 2093 1920 1998 1866 2134 2080 1534 1762 1798 2113 2171 2012 1889 1838 1803 2104 2030 1975 1944 1832 2132 1670 1829 1768 2255 1943 1955 1693 1986 1995 1742 1530 1870 1852 1881 1806 1800 1992 2099 2025 2207 1885 1666 1851 2071 1885 1844 1798 1994 1580 1783 1979 1907 2186 2028 1791 2034 1894 1532 1658 2108 1693 2088 1768 1777 1892 1946 1863 1942 2097 1658 1693 1837 1760 1787 2023 2022 1882 2108 1998 1769 
2126 2235 2246 2031 2048 2205 2657 2257 2361 2125 2323 2301 2211 2310 2051 2112 1921 2156 2241 2444 2094 1983 2207 2245 2466 1931 1898 2050 2225 2426 2098 2295 2064 2143 2384 2198 2208 2457 1972 2450 2157 2355 2202 2552 2260 2264 2011 2441 2228 2020 2054 2115 2012 2258 2148 2221 2317 2584 2368 2555 2350 1922 2199 2370 2328 2036 1987 2394 2127 2067 2256 2176 2492 2214 2085 2223 2155 2070 1713 2451 2082 2346 1982 2156 2345 2147 2280 2150 2442 2065 1963 2044 2050 2142 2287 2309 2239 2309 2169 2051 
1926 2129 2110 1895 1893 2012 2239 2212 2097 2132 1947 1836 1896 2237 2044 1899 1854 1961 1891 2122 2092 1996 2171 2268 2320 1693 1850 1845 2105 2279 1986 2275 1956 2075 2238 2016 1998 2317 2061 2274 1830 1978 1786 2319 1983 2027 1840 2455 1974 1800 1996 1948 1914 2005 1872 1986 1957 2289 2103 2235 2090 1822 2103 2240 2009 1841 1916 2291 1802 1956 1987 1876 2431 2156 1903 1980 1879 1964 1671 2253 1872 2260 1818 2022 2189 2023 2235 1856 2372 1778 1862 1673 1952 2101 2176 2183 2091 2248 2102 2011 
2068 1900 2062 1766 2087 2116 2324 2205 2101 2099 2043 2074 2065 2080 1947 1799 1850 2117 1985 2066 1940 1899 1938 2147 2235 1722 1802 1842 2083 2364 1977 2210 1912 1970 2132 1905 1993 2314 1924 2367 1887 2054 1896 2235 1895 2048 1859 2391 2135 1766 1911 1993 1807 2145 1883 2002 2019 2354 2152 2286 2020 1786 1947 2055 2160 1862 1815 2168 2005 1932 2155 1931 2244 2100 1997 2062 1854 1868 1614 2180 1987 2083 1804 1976 2126 2129 2037 1827 2247 1970 1845 1712 1857 2115 2147 2178 2029 2119 2047 2012 
1983 2046 2138 1920 2055 2194 2350 2266 2119 2124 2117 1925 2076 2242 1873 1931 1753 2213 2045 2435 2086 1939 2042 2314 2444 1859 1916 1922 2247 2312 2195 2220 2027 1967 2363 2265 2157 2401 1971 2382 1988 2175 1902 2177 2106 2214 2055 2368 2138 1902 1927 1864 1848 2087 2000 2105 2074 2468 2296 2278 2195 1887 2048 2277 1972 1928 1714 2352 1934 2038 2052 2028 2342 2286 1984 2100 2030 1816 1620 2275 2031 2182 1926 2083 2192 2151 2220 2064 2194 1889 2054 1864 1913 2068 2368 2270 2013 2222 2077 1999 
1969 2033 2001 1862 2017 2178 2415 2146 2004 2054 1980 1920 2028 2143 2014 1869 1673 2125 1890 2426 2073 1990 2009 2131 2201 1721 1830 1850 2053 2226 2133 2208 2020 2011 2229 2071 2193 2358 1963 2403 1818 2117 1814 2256 2021 2014 1913 2227 1961 1820 1781 1955 1904 2127 1947 1959 2036 2294 1963 2253 1995 1804 2030 2121 1966 1847 1793 2137 1910 1985 1962 1849 2209 2125 1968 2063 2139 1929 1746 2204 1993 2212 1897 1780 2002 1908 2171 1943 2464 1853 1843 1826 1886 2206 2253 2215 1989 2060 2068 1960 
2015 1996 1817 1721 1951 1979 2151 1833 1905 1882 2007 1994 1915 1971 1868 1789 1693 1991 2079 2095 1827 1765 1819 2026 2140 1551 1826 1789 1915 2033 1770 1991 1757 1962 2016 1865 1916 2069 1739 2000 1966 1820 1696 2054 1806 1960 1725 2124 1949 1843 1662 1819 1893 1854 1830 1756 1867 2120 2016 2199 1936 1630 1967 1993 1996 1787 1852 2015 1875 1866 1889 1918 2030 2027 1861 1835 1928 1711 1708 2071 1837 1984 1728 1895 2032 1962 1922 1898 2107 1873 1731 1817 1827 1914 1924 2052 1884 2075 1890 1740 
1899 1813 1898 1597 1835 1810 2084 1821 1792 1748 1857 1834 1881 2095 1717 1524 1561 1854 1645 2074 1849 1748 1709 2040 2109 1653 1689 1660 1904 1996 1840 1951 1737 1738 1820 1814 1864 1990 1682 2046 1696 1823 1790 2099 1659 1844 1677 1982 1791 1835 1598 1717 1640 1709 1761 1662 1762 1965 1855 2056 1822 1787 1837 1997 1933 1653 1685 2126 1539 1791 1866 1731 2023 1913 1723 1740 1736 1829 1504 2089 1625 1985 1726 1741 1879 1980 1867 1749 2171 1491 1539 1634 1791 1919 1985 1862 1738 1915 1875 1742 
1838 1967 1883 1817 1876 2004 2211 1896 1783 1800 1846 1830 1918 2057 1659 1705 1515 1931 1681 2115 1881 1884 1751 1951 2145 1725 1637 1595 2004 2151 1900 1993 1724 1931 2151 2082 1904 2165 1735 2032 1944 1959 1726 2044 1684 1989 1589 2055 1874 1713 1706 1768 1721 1780 1763 1807 1798 2072 2046 1959 1890 1627 1811 1916 1990 1585 1640 2044 1838 1874 1957 1826 2029 2010 1746 1742 1887 1881 1701 2104 1655 2145 1660 1811 1986 1896 1996 1698 2233 1643 1609 1848 1977 1818 2171 1984 1931 1927 1815 1984 
1917 2071 1953 1905 1976 1940 2192 1965 2027 2095 1952 1889 2082 2044 1814 1869 1755 2053 1992 2135 1945 1967 1853 2071 2097 1683 1790 1796 2006 2205 1873 2159 1886 2053 2091 2025 2032 2262 1949 2154 1946 1975 1794 2290 1755 2076 1771 2192 2123 2000 1816 1866 1870 2051 1770 1936 1883 2278 1970 2257 2054 1834 2027 2062 2047 1673 1891 2179 1778 1855 1929 1833 2279 2069 1858 1930 1844 1875 1762 2306 1775 2229 1674 1936 2085 2053 1966 1931 2255 1798 1689 1922 1978 1847 2116 2078 1897 2203 2082 1901 
1827 2098 1904 1951 1824 2045 2420 2003 2137 1978 1950 1855 1970 2049 1895 1891 1742 1934 1736 2286 1932 1852 1999 2027 2306 1678 1884 1877 1969 2173 1857 2057 1689 2138 2142 1996 2040 2120 1832 2173 1910 2018 1746 2183 1897 1960 1760 2285 1863 1830 1864 1877 1769 1834 1774 2006 1934 2152 2075 2093 1930 1717 1938 1992 1924 1830 1811 2236 1962 2068 1831 1883 2226 2010 1892 1943 1940 1920 1723 2205 1778 2139 1785 1907 2068 1951 2007 1913 2344 1729 1717 1896 1894 2007 2079 2079 1900 2062 2167 1944 
2019 1983 1905 1689 1943 2147 2409 2078 2146 2046 2007 2023 2210 2203 1896 1909 1910 2058 1964 2102 2114 2166 1985 2235 2198 1603 1838 1844 2165 2284 2054 2186 1785 2058 2171 1964 2248 2224 1955 2332 2018 2033 1882 2175 1882 2095 1718 2318 1929 1905 1955 1776 1743 1865 1957 1995 2016 2240 2087 2124 2175 1909 1974 2200 2004 1896 1702 2138 1962 2002 2216 1934 2310 2188 2107 2005 2033 1921 1801 2333 2007 2216 1854 1933 2288 2229 2023 1879 2397 1704 1943 1852 1954 1957 2134 2068 1997 2130 2128 2034 
1970 2054 2022 1884 2104 2071 2309 1988 1988 1753 2125 1879 2163 2134 1878 1822 1722 1889 1905 2170 2049 1891 2023 2165 2268 1699 1835 1822 2135 2202 1985 2055 1999 2026 2139 2119 2182 2287 1856 2186 1885 2100 1919 2321 1847 2168 1663 2128 2097 1975 1901 1796 1860 1935 1868 1895 1929 2261 2025 2163 2009 1930 2026 2086 2066 1840 1726 2139 1641 2006 2033 1995 2296 2052 1843 2073 2020 1939 1749 2336 1892 2267 1755 2206 2007 2126 1947 1995 2187 1750 1768 1941 1912 2030 2236 2125 1946 2158 2064 1951 
2030 2221 2253 2012 2120 2261 2571 2405 2240 2364 2289 2152 2070 2244 2170 1940 1934 2351 2243 2485 2216 2192 2202 2322 2284 1777 1900 2022 2376 2369 2085 2315 2102 2175 2384 2189 2242 2372 1997 2381 2086 2074 2066 2536 2162 2205 2066 2567 2325 2117 1956 2191 1891 2201 2077 2241 2035 2500 2191 2475 2347 1950 2149 2369 2252 2055 2014 2396 2035 2138 2169 2083 2430 2329 2091 2121 2064 2062 1824 2375 2037 2506 2057 2087 2326 2175 2343 1990 2507 2081 1866 2084 2187 2078 2412 2392 2193 2311 2222 2033 
1988 2092 2064 1630 2070 2179 2504 2207 2333 2064 2205 1998 2187 2149 1919 1939 1763 2180 2089 2340 2081 1964 2000 2067 2379 1725 1907 1994 2159 2325 1968 2028 1821 2027 2286 2078 2306 2193 1876 2296 2017 2076 1920 2283 2002 2028 1927 2318 1858 1952 1922 2122 1817 2125 2077 2099 2046 2304 2077 2351 2099 1777 2025 2077 2070 1881 1902 2165 2131 1952 2162 2050 2220 2206 2169 2097 2233 1934 1827 2374 2038 2121 1865 2100 2336 2072 2059 1914 2283 1788 1927 1887 1874 2053 2245 2122 1980 2235 1977 2006 
2050 2152 2028 1886 1956 2229 2480 2204 2121 2006 1945 2095 2117 2161 1924 1922 1921 2024 1976 2122 2085 1975 2027 2372 2254 1738 2007 1774 2217 2368 2099 2300 1966 2190 2246 2168 2066 2270 1840 2386 2068 2241 1900 2247 1925 2120 1970 2370 1988 1874 1947 2038 1888 2243 1984 1999 2178 2323 2242 2242 1977 1897 2138 2252 2230 1896 1972 2186 1890 1938 2133 2012 2475 2345 2015 2006 2027 2014 1720 2189 1948 2241 1831 2083 2317 2194 2063 1994 2552 1901 2057 1703 1948 2124 2113 2118 1921 2279 2281 2098 
2094 2179 2111 1972 2232 2125 2595 2114 2189 2218 2161 2060 2137 2347 2051 1882 2007 2209 2120 2241 2246 2204 1995 2276 2312 1811 1994 1998 2221 2430 2071 2122 2031 2182 2497 2172 2359 2284 2005 2427 1938 2191 1923 2376 2141 2259 1961 2314 2170 1992 1966 2071 1967 1970 1914 2017 1943 2204 2324 2368 2276 1902 1974 2321 2102 1986 1944 2240 1920 2032 2275 2031 2496 2377 2094 2067 2183 2093 1793 2369 1956 2182 1961 1876 2249 2306 2229 2041 2422 1897 1845 1838 2035 2266 2303 2112 1953 2183 2170 2072 
1944 2057 1913 1937 1882 2129 2079 1998 1968 2072 2053 1878 1968 1983 1769 1988 1842 1937 1980 2219 2091 1950 1954 2173 2393 1825 1994 1927 2051 2075 2234 2321 2042 2067 2239 2158 2011 2274 1980 2221 1754 2040 1826 2286 2034 2093 1731 2087 1963 1758 1893 1885 1776 2076 1762 1929 2012 2224 2118 2312 2004 1706 2098 2211 1895 1852 1910 2384 1788 1948 1998 2016 2402 2208 1949 2124 1907 1966 1737 2175 1858 2266 1675 2107 2042 2152 2053 2011 2275 1791 1941 1747 2029 1984 2128 2080 1953 2234 1931 1942 
1916 2107 1973 1739 1826 2002 2223 2013 1879 1904 2061 1985 1881 2026 1579 1781 1805 2034 2063 2230 1995 1774 1916 2110 2065 1741 1760 1690 1976 2001 1968 2084 1803 1748 2037 1985 1946 2175 1853 2154 1940 1975 1800 2227 1793 1859 1843 2159 2011 1837 1768 1853 1762 1972 1928 1916 1842 2221 2111 2258 1973 1640 1759 1969 1997 1770 1716 2119 1835 1903 1848 1897 2185 2104 1912 2038 1864 1768 1585 2123 1788 2030 1699 1987 2062 1872 1966 1950 2169 1753 1821 1994 1864 1879 2204 2068 1875 2124 1970 1718 
2010 2058 1882 2041 2152 2241 2432 2195 2078 2012 1987 1953 1963 2002 2027 1854 1731 2172 2027 2191 2012 1977 1924 2215 2375 1819 1920 1912 2189 2078 2070 2064 2087 2071 2283 2071 2179 2265 1860 2325 1795 2046 1898 2132 2024 2226 1699 2304 2243 1720 1972 1969 1859 2052 1859 1964 2014 2198 2109 2330 1999 1827 2062 2186 2096 1809 1946 2219 1922 1779 2102 1926 2458 2347 2017 2127 2112 1954 1642 2139 1883 2101 1849 2086 2090 2118 1988 1822 2193 2068 1955 1955 2037 2164 2205 2196 2024 2270 1978 1992 
1955 2042 1783 1790 1976 2087 2401 2062 1934 2052 1979 1966 1867 2133 1865 1774 1817 1982 2008 2206 2121 1907 2132 2076 2173 1789 1795 1724 2081 2135 2191 2037 1797 2046 2367 2139 2102 2214 1915 2256 1812 2163 1737 2133 2011 1989 1831 2235 2045 1783 1878 2006 1882 1939 1839 2016 2174 2222 2041 2296 1973 1720 2114 2169 2007 1887 1732 2260 1806 2037 2042 1989 2293 2109 1855 2158 2119 1900 1787 2110 1855 2167 1931 1982 2017 2079 2019 1929 2302 1772 1698 1664 2019 1987 1965 1982 1909 1983 1874 1965 
2286 2437 2260 2239 2318 2386 2590 2581 2377 2173 2506 2215 2476 2556 2193 2279 1958 2391 2372 2615 2253 2174 2286 2562 2853 1959 2205 2257 2540 2650 2369 2412 2295 2369 2410 2301 2414 2481 2009 2558 2353 2311 2101 2565 2319 2592 1997 2537 2262 2208 2109 2260 1991 2147 2228 2372 2251 2566 2407 2584 2357 2279 2275 2567 2265 2160 2136 2598 2255 2274 2178 2283 2747 2516 2369 2515 2388 2241 2080 2583 2117 2610 2240 2372 2490 2437 2318 2327 2697 2156 2200 2252 2272 2256 2401 2483 2411 2609 2354 2236 
1842 1923 1893 1722 1940 2023 2382 2014 2099 1949 2000 2007 2138 1982 1842 1773 1936 2167 2112 2150 1932 2031 1920 2192 2256 1802 1869 1980 2029 2157 2132 2063 1848 2003 2194 2037 2164 2318 1804 2322 1980 2078 1855 2091 1836 2061 1668 2291 1935 2008 1857 1723 1878 1957 1908 1968 2086 2218 1923 2205 2018 1784 1961 2189 2031 1787 1890 2193 1930 1687 2113 1895 2151 2184 1892 2059 1988 1933 1712 2308 2025 2140 1698 1909 2158 2225 1968 1948 2352 1811 1851 1827 1787 2064 2126 2073 2065 2194 1944 1893 
1613 1841 1774 1733 1771 1866 2146 1973 1822 1786 1941 1885 1854 1859 1593 1756 1524 2003 1705 2077 1857 1694 1803 1992 2016 1633 1657 1717 1741 2065 1863 1921 1746 1906 2106 1942 1938 2029 1650 2008 1856 1930 1677 2008 1719 1874 1576 2038 1842 1719 1709 1706 1532 1807 1601 1828 1795 2024 1903 1933 2049 1714 1898 1944 1793 1666 1668 2026 1705 1757 1939 1658 2102 2071 1742 1851 1947 1816 1549 2035 1701 2068 1664 1816 1854 1973 1960 1710 2182 1598 1704 1734 1801 1744 1956 2080 1932 1945 1972 1888 
2147 2438 2380 2063 2085 2382 2615 2220 2209 2138 2145 2112 2413 2187 2184 2145 1909 2157 2217 2437 2240 2117 2135 2411 2454 1974 2162 2169 2337 2554 2244 2456 2124 2520 2262 2404 2208 2394 2068 2442 2144 2296 1957 2477 2204 2228 1999 2339 2374 2039 2163 2084 2036 2167 2257 2159 2364 2474 2511 2493 2188 1861 2243 2519 2257 2135 2090 2477 2128 2236 2258 2226 2543 2338 2161 2245 2184 2275 1967 2491 2080 2381 1961 2323 2346 2321 2383 2149 2481 1953 2180 2097 2240 2253 2424 2381 2170 2418 2370 2244 
1806 1770 1660 1551 1768 1856 2032 1838 1787 1803 1826 1804 1788 1787 1634 1527 1616 1894 1818 2029 1666 1649 1757 1988 1949 1455 1628 1671 1881 1958 1748 1781 1592 1767 1918 1745 1811 2047 1708 2029 1781 1779 1725 1841 1591 1856 1550 1939 1918 1633 1555 1709 1562 1701 1677 1741 1767 2037 1705 1891 1724 1711 1672 1977 1838 1669 1706 1877 1558 1817 1831 1664 2066 1853 1627 1754 1743 1674 1335 1821 1613 1904 1626 1677 1864 1912 1707 1638 1957 1704 1651 1647 1603 1785 1863 1799 1776 1894 1797 1767 
1906 1914 1874 1794 1833 1994 2185 1997 1893 1989 2061 1778 2058 2016 1813 1925 1641 1977 1802 2014 1815 1718 1831 1964 2178 1594 1733 1779 2011 2206 1801 2001 1900 2025 2117 1973 2118 2123 1740 2092 1920 1970 1839 1950 1849 1842 1840 2046 1900 1761 1877 1767 1775 1761 1784 1944 1940 2065 1980 2121 2088 1830 1836 2017 1885 1654 1781 2140 1751 1889 1814 1928 2205 1941 1866 1720 1878 1859 1572 2099 1813 1987 1705 1760 2104 1964 1911 1866 2156 1686 1653 1963 1761 1823 2084 1980 1753 2009 1811 1963 
2127 2293 2165 1951 2091 2344 2537 2362 2258 2152 2006 2014 2090 2295 1953 1894 1908 2402 2190 2610 2061 1963 2222 2455 2603 1920 1948 2019 2212 2362 2209 2018 2039 2078 2528 2297 2456 2458 1953 2377 2095 2189 1910 2405 2175 2356 1946 2477 2130 2016 1898 2143 2039 2230 2044 2220 2154 2433 2293 2571 2167 2024 2075 2260 2098 2027 1857 2328 2026 1987 2085 2149 2376 2325 1965 2168 2267 2054 1793 2296 2089 2278 2152 2094 2164 2172 2268 2163 2527 2022 1947 1981 2064 2199 2478 2165 2208 2171 2133 2037 
1933 2053 2065 1811 1856 1988 2215 1898 2026 1834 1861 2044 2134 1960 1968 1740 1670 2090 1948 2000 1970 1800 1921 2080 2239 1672 1889 1994 2120 2366 1948 1898 1747 2064 2131 1969 2075 2159 1779 2055 1893 1874 1830 2070 1708 2055 1645 2093 2073 1916 1719 1904 1806 1997 1741 1883 1935 2122 2146 2335 1811 1639 1855 2122 2012 1868 1864 2131 1756 1790 2061 1903 2248 2058 1765 1962 2017 1912 1755 2134 1705 2165 1824 1968 2010 2061 1921 1965 2147 1771 1765 1872 1806 2005 2101 1865 1941 2253 1913 1948 
1914 2198 1986 1910 2098 2292 2382 2163 2141 1962 2048 2019 2022 2254 1849 1820 1861 2134 2107 2473 2113 2014 2156 2284 2333 1808 2040 1821 2234 2238 2209 2123 1932 2184 2358 2195 2123 2411 1819 2339 2030 2086 2047 2222 1959 2184 1902 2317 2044 2063 1938 1993 1882 2132 1952 2142 2011 2287 2143 2455 2089 1899 2041 2332 1943 1933 1771 2068 1977 2161 2087 2029 2380 2317 1989 1987 2286 1988 1858 2199 1989 2287 1788 2066 2292 2058 2120 2060 2477 1922 1927 1874 2040 2108 2285 2063 2175 2392 2136 1977 
1785 2004 2024 1942 1846 2134 2326 2089 2107 1994 2112 1945 1901 2057 1816 1756 1931 2086 2186 2209 2001 1800 1995 2260 2271 1683 1829 1986 2139 2159 2092 1966 1590 2059 2282 1953 2038 2127 1963 2185 1924 1991 1771 2071 1908 2023 1720 2292 2005 1957 1868 1934 1746 1999 1807 1991 1774 2304 2040 2296 2178 1737 1930 2118 1940 1844 1701 2047 1880 1894 1952 1900 2270 2274 1922 1895 2027 1971 1777 2016 2019 2145 1780 1745 2221 1963 1978 1997 2303 1752 1699 1802 1760 1930 2297 1952 2052 2117 2052 1970 
2074 2265 2135 1841 2136 2206 2637 2272 2202 1979 2176 2090 2246 2311 2127 2006 1720 2118 2037 2503 2182 2140 2281 2378 2595 1850 2087 1960 2395 2545 2224 2183 2070 2198 2337 2228 2361 2446 1976 2438 2166 2260 2025 2310 2031 2199 1919 2424 2172 2065 2068 1910 2034 2146 2066 2109 2300 2472 2239 2381 2237 2083 2125 2452 2135 2030 1797 2283 1923 2165 2070 2089 2482 2282 2025 2077 2276 2038 1916 2428 2043 2378 1955 2144 2406 2124 2241 2178 2605 1969 2172 2170 2104 2191 2354 2436 2248 2315 2275 2252 
2022 2020 2052 1842 2159 2065 2423 2025 2114 1994 2154 1875 2143 2197 1919 1802 1783 2094 2152 2291 2046 2007 1921 2041 2134 1777 1819 1837 2170 2330 2118 2072 1868 2147 2243 1915 2236 2308 1978 2358 2137 2078 1862 2242 2005 2106 1812 2224 2048 2104 1845 1930 1990 1943 1953 2133 2136 2419 2125 2219 2153 1942 2035 2199 2222 1732 1911 2158 1878 1994 2170 1820 2275 1995 1989 1973 2075 2076 1905 2312 1968 2343 1977 1942 2185 2081 2129 2040 2405 1920 1801 1910 1935 2012 2318 2128 1944 1989 2057 1951 
2096 2135 2014 1924 2172 2284 2605 2310 2213 2125 2128 1944 2120 2010 1913 1969 1986 2158 2210 2186 2046 1904 2202 2269 2340 1758 1824 1973 2282 2241 2348 2241 1969 2250 2368 2259 2409 2412 2123 2355 2046 2229 1926 2391 2056 2116 1944 2403 1996 1955 1866 2000 1961 2237 2037 2170 2175 2355 2079 2381 2094 1920 2188 2149 2085 1846 1912 2222 1948 1982 2054 1984 2294 2324 2019 2172 2149 2024 1843 2316 2114 2283 2015 2146 2201 2151 2206 2235 2501 1973 1968 1790 2039 2123 2256 2128 2123 2334 2195 2059 
2055 2194 2205 1926 1906 2284 2358 2119 2121 2063 2120 2129 2196 2141 2027 1974 1863 2180 2202 2414 1943 1899 1910 2079 2421 1923 1833 2052 2235 2269 2083 2100 1949 2081 2195 2216 2114 2269 1907 2375 1959 2213 1904 2222 2074 2179 1848 2233 2107 1954 1874 1935 1881 2092 1965 2038 2166 2491 2199 2351 2130 1937 2116 2296 1908 2007 1995 2254 1926 1937 2045 2052 2393 2153 1997 2052 2104 2112 1810 2153 1966 2285 1827 1992 2187 2171 2111 2055 2433 1882 1880 1851 2098 2143 2247 2116 2067 2273 2046 2078 
1892 1795 1965 1609 1840 1982 2223 2134 1934 1881 1840 1778 1864 2015 1845 1710 1660 1796 1758 2159 1843 1831 1869 1951 2132 1515 1783 1729 2045 2046 1891 1898 1665 1836 2017 1963 1934 2014 1876 2119 1831 1891 1679 2040 1705 1872 1612 2110 1861 1738 1607 1812 1686 1718 1814 1877 1807 2106 1976 2073 1895 1940 1888 1919 1913 1714 1645 1863 1855 1896 1791 1861 2071 1949 1809 1786 1941 1742 1621 2008 1798 2012 1678 1923 2053 2013 1943 1765 2106 1641 1614 1678 1732 1833 2135 1975 1886 2017 1911 1830 
1981 2191 2052 1854 2079 2127 2393 2218 2154 1942 2075 2074 1983 2200 1840 1988 1707 2012 1995 2287 2077 2029 2164 2133 2288 1792 1808 1952 2143 2096 2309 2214 2026 2025 2272 2158 2153 2453 1947 2295 1960 2101 1886 2379 1925 2256 1840 2333 2080 1918 2050 1820 1900 2058 1887 1940 2058 2243 2156 2268 2057 1838 2058 2115 2058 2054 1830 2299 1945 1959 2121 2102 2246 2263 1943 2267 2138 1837 1811 2409 1878 2256 1885 2150 2285 2291 2107 1837 2370 1874 1840 1865 2065 2100 2238 2312 2139 2240 2087 1979 
2234 2212 2320 2121 2224 2419 2665 2233 2345 2396 2232 2373 2289 2516 2074 2020 1898 2297 2229 2566 2325 2334 2183 2453 2646 2260 2105 2114 2461 2601 2233 2542 2089 2336 2579 2390 2334 2492 2131 2575 2141 2389 2049 2604 2134 2343 2065 2718 2231 2168 2041 2295 2191 2393 2191 2230 2267 2553 2487 2448 2368 1863 2288 2520 2310 2228 2112 2492 2380 2242 2238 2420 2495 2459 2270 2246 2214 2246 2058 2598 2261 2564 2115 2212 2273 2405 2465 2110 2576 2051 2012 2150 2277 2174 2500 2300 2177 2413 2277 2177 
2111 2185 2138 1931 2155 2182 2400 2316 2240 2081 1990 2036 2035 2310 1915 1919 1818 2251 2147 2397 1964 2077 1985 2239 2325 1738 1831 1982 2156 2196 2130 2238 2017 2105 2218 2244 2372 2355 1954 2426 2012 2127 1804 2235 2009 2204 2028 2286 2102 2110 1760 2045 1892 2175 2011 2100 1946 2422 2153 2333 2166 1975 2133 2324 2055 1882 1898 2337 1999 2024 1959 2154 2292 2194 2063 2049 2134 1942 1742 2293 2062 2363 1945 2132 2131 2168 2196 2139 2386 1973 2020 1967 2027 2207 2266 2342 2115 2296 2191 1788 
1792 1971 1927 1887 2008 1967 2249 2086 1937 1931 2074 1986 1866 2124 1882 1671 1797 2047 1956 1970 1803 1980 1876 2112 2059 1558 1670 1743 2210 2160 2012 1910 1927 1841 2208 2043 1972 2165 1865 2052 1833 1922 1712 2100 1881 2168 1700 2208 2068 1915 1671 1909 1803 1914 1680 1835 1849 2240 2119 2261 1937 1759 1838 1893 2017 1713 1632 2086 1807 1816 1969 1749 2190 2137 1827 1974 2081 1626 1767 2200 1798 2172 1707 1961 2050 2041 1832 1809 2057 1814 1760 1761 1834 1886 2176 2161 1960 2259 2123 1862 
1787 1886 1976 1673 1933 1883 2267 1824 1917 1921 1796 1953 1859 1971 1862 1653 1522 2015 1842 2039 1690 2020 1686 2006 1982 1634 1581 1817 1888 2072 1773 1898 1817 1830 2051 1795 1957 1985 1755 2021 1867 1904 1756 1900 1816 1887 1775 2045 2044 1766 1556 1734 1738 1793 1766 1801 1829 2017 1818 2095 1894 1685 1783 2110 1908 1741 1769 2032 1833 1743 1850 1715 2002 2060 1833 1831 1940 1679 1506 1987 1669 1938 1591 1738 1892 2048 1876 1783 1973 1758 1638 1777 1665 2021 1842 1984 1992 2104 1808 1718 
1913 1978 1982 1726 2008 2066 2394 1935 2010 2032 1946 1877 1992 2068 1838 1872 1649 2032 1975 2206 1954 1837 1698 1991 2197 1775 1834 1826 2053 1990 1975 2020 1876 1975 2245 2023 2108 2053 1827 2260 1962 2054 1779 2125 1979 1988 1858 2113 1985 1760 1737 1769 1861 1930 2009 1866 1992 2154 2050 2009 1913 1670 2058 2066 2001 1769 1972 2112 1907 1903 1920 1877 2055 2248 1904 1805 2026 1862 1797 2059 1952 1963 1760 1755 2000 2108 2121 1937 2254 1777 1807 1860 1883 2065 2127 2020 1763 2038 1942 1940 
1988 1994 2131 2009 1982 2182 2288 2036 2151 2061 2111 1976 2173 2204 2009 1892 1806 2056 2051 2329 2043 1899 1926 2188 2273 1661 1959 1775 2081 2249 1989 2011 1778 2153 2183 2019 2091 2084 1847 2354 2002 2111 1780 2232 1986 2165 1869 2260 2010 1933 1870 1970 1781 1889 1931 2139 2016 2297 2234 2304 2086 1744 2016 2372 2038 1844 1744 2207 1894 2043 2102 1931 2360 2065 1990 2006 2130 2042 1996 2203 1821 2215 2045 1883 2208 2003 1961 1832 2424 1716 1769 1877 1899 1999 2225 2039 2045 2123 1994 2068 
1934 2051 1844 1887 2023 1938 2234 2104 2078 1782 1978 1789 1941 1988 1784 1857 1702 2124 1961 2241 2045 1665 1936 2133 2138 1667 1913 1786 1942 2109 1937 2015 1850 2044 2111 2011 2093 2215 1839 2229 1895 1895 1797 2027 1876 1906 1801 2076 1907 1888 1945 1866 1844 1933 1761 2002 1934 2120 1944 2113 2063 1732 2038 2108 1740 1713 1805 1933 1732 1853 1957 1919 2207 2071 1790 1800 1851 1892 1729 2195 1836 2107 1763 1773 2062 2081 1917 1874 2300 1781 1773 1652 1803 2080 2204 2077 2051 1939 1898 1865 
2091 2001 2079 1946 1990 2133 2446 2068 2161 2047 2035 2113 1916 2257 1875 1834 1835 2179 2033 2220 1999 1931 2072 2307 2281 1763 1849 1934 2211 2278 2030 2174 1943 2139 2247 2078 2266 2247 1957 2359 2017 2132 1977 2374 2120 2152 1833 2262 2154 1935 1853 1972 1910 1926 1848 1988 2056 2312 2154 2343 2197 1901 2111 2391 2129 1893 1882 2149 1965 1928 2175 2032 2332 2314 1973 1893 2095 1916 1732 2350 1955 2220 1887 2025 2145 2194 2150 1984 2398 1950 1786 1804 1964 2007 2227 1946 2031 2287 2090 1868 
2081 2188 2049 1851 2142 2239 2441 2355 2188 1976 2284 2110 2143 2225 2026 1979 1867 2124 2120 2263 2108 2098 1961 2330 2365 1724 2043 2080 2183 2446 2182 2077 2066 2206 2483 2263 2364 2290 2095 2301 2179 2070 2003 2325 2072 2087 1816 2248 2172 2060 1900 2080 1990 2086 1932 2096 2149 2313 2183 2316 2285 2047 2108 2172 2098 1932 1875 2308 1967 1967 2245 2098 2351 2435 2179 2170 2241 1907 1845 2350 2120 2329 1994 1996 2143 2482 2065 2108 2479 1836 2014 1955 2020 2139 2323 2295 2107 2276 2211 2031 
1831 1887 1862 1852 1827 2185 2233 1938 1929 1924 2003 2065 1938 2044 1851 1682 1843 2035 1863 2319 2077 1879 1880 2077 2172 1682 1823 1702 1985 2185 1947 2117 1735 2064 2145 1822 1862 2155 1767 2196 1907 1932 1887 2090 1942 2016 1611 2164 1860 1796 1613 2092 1668 1834 1887 2088 1881 2086 1934 2237 1989 1644 1893 2154 2085 1746 1745 2109 2046 1795 2112 1743 2117 2074 2042 1955 1918 2068 1712 2134 1749 2120 1714 1910 2026 2102 1919 1799 2322 1849 1637 1650 1877 1999 2065 1987 2108 2025 1986 1940 
2064 2031 2039 1844 2168 2053 2303 2224 2081 2046 2021 1962 2206 2280 2082 1813 1734 2095 2122 2258 2069 2004 1930 2336 2286 1704 1956 2072 2197 2372 2165 2151 1945 2191 2195 2038 2066 2310 1895 2348 2164 2136 1904 2255 2008 2026 2052 2315 2202 1953 2011 1924 1994 1953 1918 2005 2131 2320 2307 2327 2169 1862 2011 2250 2174 1932 1814 2274 1899 1896 2161 1962 2439 2224 2115 2137 2100 1980 1697 2427 1936 2251 1998 2066 2173 2153 2119 1949 2322 1895 1950 2027 2007 2058 2298 2199 1860 2111 2207 1941 
2018 2130 1976 2011 1987 2258 2512 2200 2050 2033 2138 2071 2078 2137 1933 1817 1864 2100 2049 2209 2017 1869 2136 2275 2334 1884 1892 1809 2221 2217 2127 2006 1940 2155 2273 2179 2114 2278 1803 2330 1936 1980 2081 2252 1952 2234 1825 2345 2160 1890 1866 2132 1813 1973 1962 2037 2047 2286 2338 2206 2115 1821 2051 2190 2033 1968 1976 2304 1938 2096 2163 2108 2374 2314 1863 2051 2098 1989 1671 2200 2010 2289 1990 2173 2154 2070 2046 1899 2362 2014 1874 1910 2054 2118 2289 2213 1980 2221 2100 2093 
1875 2051 1966 1768 1950 2077 2389 2211 2167 1999 2005 2131 2001 2191 1902 1886 1766 2043 1988 2254 2047 2034 2064 2214 2445 1793 1951 1899 2316 2287 2173 2228 1880 2046 2197 2041 2048 2310 1800 2422 2058 2079 1959 2304 1929 2231 1831 2481 2143 1778 1822 2031 1796 2174 1938 2102 2029 2258 2200 2317 2046 1817 1940 2208 2104 1949 1824 2342 2010 1859 2163 1908 2322 2292 2011 2184 2140 1792 1625 2313 1972 2189 1786 2173 2240 2071 2058 1896 2380 1989 2066 1831 2000 2009 2154 2176 2137 2361 2107 1954 
1893 1937 1887 1687 1931 1909 2332 2030 1979 1826 1946 1898 1848 2109 1824 1690 1552 1943 1895 2203 1897 2169 1878 2172 2204 1654 1791 1789 2004 2183 1932 1894 1691 1775 2009 1863 1900 2057 1751 2159 1899 1918 1899 2109 1736 1963 1799 2116 2028 1852 1738 1914 1771 1870 1786 1894 1746 2095 2048 2108 1981 1830 1883 2142 1938 1828 1737 2129 1865 1860 1932 1919 2296 2043 1808 1901 1883 1687 1524 2187 1704 2056 1670 1892 2058 2068 1733 1857 2193 1765 1704 1956 1801 1960 1993 2154 1933 1976 1996 1854 
1787 1935 1923 1838 1866 2082 2272 2092 2240 2046 2105 1900 2056 2113 1794 1823 1811 2067 1877 2254 1969 1840 2022 2036 2076 1726 1737 1887 2085 2001 2061 1979 1972 1972 2210 1977 2130 2284 1984 2286 1989 2011 1873 2292 1986 2130 1683 2238 1908 1964 1794 1766 1666 1967 1915 1942 1923 2214 2094 2155 2188 1822 1992 2185 2088 1706 1676 2138 1934 2092 1965 1854 2180 1968 1971 1986 2002 1827 1750 2203 1932 2292 1798 1957 2152 1929 1902 1883 2226 1793 1891 1878 1851 1944 2270 2087 2031 2077 2092 1776 
2085 2253 2279 1987 2070 2145 2592 2452 2008 2003 2071 2131 2108 2123 1981 2023 1861 2130 2125 2218 2134 1937 2110 2146 2246 1805 1770 2042 2233 2214 2252 2177 2019 2039 2293 2260 2203 2316 1982 2225 1800 2150 1975 2282 1958 2138 1904 2213 2096 1972 2042 1971 1972 2173 1958 2144 2188 2374 2279 2491 2036 1911 2010 2191 2005 1845 1940 2183 1943 1867 2127 1982 2436 2286 2143 2349 2026 1987 1709 2140 1898 2324 1758 2119 2259 2171 2206 2197 2379 1982 1921 1857 1981 2113 2186 2317 1921 2414 2036 2041 
2084 2183 1977 1895 2236 2104 2334 2232 2238 2115 2119 2010 1995 2153 1916 1752 1957 2133 2043 2297 2072 1840 2052 2223 2297 1677 1857 1820 2186 2156 2197 2184 2077 2132 2352 2080 2159 2394 2115 2368 2020 2145 1715 2173 1922 2231 1926 2346 2025 1830 1851 2023 1980 2084 2073 2016 2006 2390 2276 2464 2004 1975 1986 2288 2119 1976 1969 2239 1926 2007 2037 2014 2274 2125 2097 2105 2082 2026 1793 2119 2078 2238 1827 2129 2298 2176 2085 2126 2272 2040 1978 1866 1999 2070 2228 2369 1974 2368 2149 2085 
2018 2167 2047 1924 2066 2095 2349 2262 2151 2023 2057 1948 1955 2217 1949 1841 1835 2154 2085 2162 1966 1978 1948 2200 2339 1854 2026 2092 2214 2252 2034 2091 1889 2165 2243 2180 2084 2334 1898 2295 1939 1954 2027 2200 1908 2112 1869 2356 2159 1977 2026 1904 1878 1961 1850 2122 1946 2229 2223 2299 2052 1834 1936 2151 2138 1791 1993 2282 1956 1917 2187 1923 2335 2275 2009 1939 2170 2016 1722 2163 1936 2211 1932 2009 2379 2157 2076 1838 2385 1853 1943 1784 1981 2219 2308 2143 2008 2411 2107 1962 
1697 1735 1896 1680 1737 1832 2030 1737 1821 1819 1676 1766 1827 1836 1700 1633 1570 1953 1790 1917 1766 1742 1656 1760 1969 1507 1594 1645 1921 1950 1785 1895 1670 1767 1825 1793 1773 1990 1568 1932 1788 1726 1695 1960 1508 1894 1503 1934 1819 1804 1645 1715 1658 1663 1635 1942 1568 1980 1936 2054 1712 1559 1735 2022 1822 1693 1620 1896 1566 1670 1664 1879 1954 1993 1680 1691 1752 1753 1621 1967 1597 2039 1587 1773 1961 1885 1863 1700 2057 1474 1530 1736 1694 1655 1917 1781 1674 1971 1727 1689 
2239 2187 2350 2248 2235 2395 2626 2402 2118 2410 2199 2226 2159 2424 2165 2124 1987 2357 2192 2401 2076 2146 2128 2362 2453 2024 1975 2105 2351 2414 2167 2346 2087 2376 2511 2348 2267 2441 2054 2404 2136 2251 2106 2331 2166 2272 2020 2498 2217 2202 2034 2113 2171 2079 2024 2262 2178 2386 2510 2378 2430 1967 2262 2391 2272 1932 2177 2376 2305 2137 2241 2146 2507 2368 2141 2107 2200 2264 1990 2338 2136 2394 2101 2212 2293 2419 2213 2070 2604 2063 1903 2014 2130 2213 2465 2305 2121 2467 2177 2132 
1909 2060 2056 1830 2028 2218 2422 2128 2131 2028 1969 1954 2089 1915 1874 1985 1683 2034 2018 2206 1926 1772 1893 2054 2176 1636 1708 1847 2161 2137 2201 1966 1891 2043 2232 1971 2327 2067 1773 2246 2090 2184 1806 2143 2076 2149 1912 2115 2065 1808 1770 1825 1808 2052 2030 2098 2157 2338 2087 2337 1998 1879 2092 2142 2051 1797 1810 2176 1894 1856 2134 1917 2143 2223 2141 2072 2156 1911 1736 2038 1887 2006 1778 2125 2257 2006 1987 1980 2244 1822 1870 1940 1950 1801 2095 2090 1840 2160 1993 2013 
2052 2116 2194 2023 2112 2300 2573 2272 2167 2171 2141 2016 2065 2239 1954 2093 1752 2269 2078 2421 2259 1937 1938 2194 2361 1903 1862 2085 2124 2435 2262 2226 2085 2189 2332 2318 2129 2406 1973 2302 2039 2225 2207 2300 1955 2173 2019 2398 2196 1956 2150 2045 1972 2116 1918 2144 2156 2446 2361 2383 2116 1941 2147 2242 2105 1787 1943 2213 2097 2010 2359 2006 2318 2324 2099 2215 2224 2078 1812 2395 1958 2303 1822 2091 2296 2307 2205 1939 2466 1912 1868 2048 2005 2067 2234 2335 2065 2340 2086 2196 
1918 1956 1921 1698 1962 2047 2182 1864 1737 1857 1917 1902 2015 1779 1755 1712 1615 1979 1980 2078 1912 1752 1818 2037 2053 1493 1624 1645 1840 1975 2053 1905 1619 1825 1910 2030 2046 2153 1723 2075 1811 1895 1561 2000 1628 2052 1642 1996 1816 1756 1732 1604 1628 1894 1801 1755 1999 2242 1944 2242 1890 1665 1887 1978 1839 1719 1642 1910 1579 1924 1836 1870 2106 1975 1788 1943 1929 1777 1680 1967 1817 2068 1665 1977 2020 1740 1885 1869 2061 1733 1846 1845 1896 1742 1987 1948 1801 2134 1803 1826 
2089 2096 2066 1880 2093 2155 2452 2106 2000 1939 2082 1857 2186 2262 1937 1936 1766 2053 1923 2268 2164 2015 1983 2234 2231 1819 1816 1831 2140 2401 2118 2261 1955 2288 2201 2169 2030 2307 2058 2282 1900 2105 1917 2330 1943 1974 1960 2229 1966 2025 2087 1828 1909 1938 1901 1992 2078 2389 2278 2289 2203 1942 2106 2285 2017 1691 1801 2161 1835 2080 2224 1938 2399 2136 2023 2004 2042 2134 1863 2241 1945 2231 1851 1955 2245 2159 2036 1997 2551 1724 1907 1918 1959 2032 2242 2172 1990 2155 2101 2029 
2006 2125 2297 1950 2057 2198 2514 2169 2194 2130 2226 1963 2141 2328 2057 1771 2016 2072 2027 2313 2122 2171 2279 2358 2450 1814 1972 1885 2293 2269 2263 2230 1923 2207 2463 2166 2217 2372 2051 2434 2023 2315 1887 2339 2039 2191 2051 2379 2145 2048 1969 2029 1889 2032 2095 1935 2101 2392 2290 2230 2243 1809 2084 2300 2158 2067 1809 2463 1942 2234 2143 2097 2461 2222 2071 2102 2215 2010 1911 2437 2076 2453 2013 2141 2371 2170 2207 2092 2492 1974 2031 1979 2081 2171 2352 2268 2045 2305 2329 2202 
1814 1822 1810 1746 1800 1981 2045 2041 1947 1884 1843 1774 2018 1871 1815 1590 1615 1913 1895 2073 1839 1658 1829 2109 2077 1490 1721 1761 1960 2144 1909 1746 1730 1882 2021 2010 1905 2029 1659 2071 1890 1888 1632 2080 1866 1917 1666 2075 2032 1698 1651 1705 1687 1793 1753 1826 1860 2143 1951 2159 1945 1724 1890 1973 1859 1745 1624 1946 1588 1733 1936 1668 2057 2038 1808 1831 1838 1843 1622 1999 1738 2054 1748 1821 1941 1849 1870 1714 2131 1611 1667 1731 1956 1761 2165 1998 1764 2018 1854 1857 
1729 1767 1737 1770 1656 1970 2003 2151 1906 1961 1930 1792 1914 1956 1762 1632 1829 2068 1953 1926 1847 1656 1866 2064 2046 1449 1726 1673 1889 2080 1800 1848 1808 1903 2113 1785 1965 2011 1638 2144 1848 1696 1747 2073 1763 1748 1685 2323 1873 1783 1651 1842 1649 1748 1700 1976 1734 2084 1886 2115 2013 1766 1822 1955 1806 1613 1716 2004 1794 1672 1883 1714 2065 1956 1877 1835 1735 1696 1462 2061 1789 2064 1703 1650 1947 2010 1817 1742 2209 1733 1628 1688 1693 1748 2046 1965 1821 1969 1893 1770 
1786 1951 1771 1784 1834 1804 2208 1880 1837 1749 1851 1714 1977 1947 1738 1662 1600 1869 1805 1984 1784 1737 1811 1827 2086 1646 1816 1634 2043 2027 1721 1869 1818 1943 2101 1890 1999 2022 1685 2102 1874 1849 1771 1945 1693 1936 1737 1947 2005 1869 1583 1670 1696 1799 1805 1901 1788 1846 1720 1978 1825 1717 1740 2071 1821 1745 1678 2085 1578 1858 1782 1771 2161 1927 1779 1845 1885 1725 1488 1970 1692 1934 1737 1631 1893 1882 1868 1839 2129 1719 1691 1705 1676 1984 1840 1852 1761 1987 1822 1768 
1928 2092 1967 1971 2099 2131 2347 2224 2238 2129 2088 2036 2197 2181 1904 1770 2037 2163 2093 2163 2056 1978 1931 2157 2281 1719 1983 1894 2185 2292 2072 2146 2016 2275 2325 2145 2204 2264 1967 2324 2141 2107 1883 2270 1851 2141 1848 2373 2028 2011 1847 1957 1913 2068 1829 2113 2045 2250 2112 2235 2003 1887 1957 2205 2188 1913 1920 2322 1883 2043 2077 1947 2364 2088 2095 2104 2075 2026 1911 2355 2103 2434 1937 1966 2179 2178 2000 2036 2416 1841 1859 1966 2011 2084 2275 2198 2011 2311 2248 2040 
1939 2059 2036 1841 2163 2062 2425 1998 2198 1984 2043 2029 2000 2187 1929 1771 1896 2067 2028 2205 2185 2031 1976 2016 2082 1684 2004 1814 2184 2086 2048 2167 1942 2006 2389 2007 2104 2208 1840 2310 1997 2139 1863 2204 1972 2193 1904 2264 2031 1949 1832 1960 1890 1965 1897 2003 1992 2286 2062 2169 1944 1699 2087 2290 2118 1833 1756 2018 1864 2002 2086 2012 2350 2072 1944 2088 1893 1953 1860 2171 1866 2305 1752 1841 2425 2110 1992 1951 2268 1878 1803 1820 1921 2066 2145 2044 1898 2023 2043 1959 
1952 2035 2048 1743 1929 2146 2433 2095 2236 2098 1992 1983 1980 1993 2003 1919 1831 2105 1879 2339 1941 2062 1941 2188 2165 1755 1746 1924 2274 2221 2110 1964 1998 2029 2330 2173 2131 2095 1905 2236 1987 2070 1899 2218 2157 2099 1891 2233 2067 1827 1867 1982 1958 1932 1937 2128 2128 2380 2139 2180 2223 1841 2119 2233 2021 1816 2015 2082 1893 1944 2151 1960 2301 2251 2081 1895 2114 1888 1734 2249 1946 2247 1763 2028 2242 2155 1964 1831 2252 1881 1959 1812 1974 1959 2177 2103 1997 2185 2090 2008 
1763 1858 1794 1774 1802 1962 2225 1919 1937 2005 1827 1813 1929 1791 1865 1746 1640 1992 1862 2109 1920 1731 1704 2001 2140 1560 1698 1702 2127 2053 1794 1860 1831 1782 1998 2073 1930 1925 1629 2124 1691 1718 1755 1954 1814 2190 1725 2263 1992 1827 1707 1821 1809 1770 1767 2069 1823 2134 1831 2094 1796 1721 1911 2016 1942 1567 1692 2035 1700 1754 1934 1744 2125 1940 1764 1874 1948 1727 1583 1921 1815 1887 1699 1858 2004 1851 1813 1666 1951 1648 1616 1607 1672 1810 1909 1863 1728 2074 1846 1804 
2074 1957 1972 1990 1877 2113 2428 2111 2208 2071 2119 2044 2239 2214 1979 1907 2034 2046 1888 2324 2146 2109 2095 2331 2406 1800 1987 1828 2286 2297 2127 2236 2077 2131 2225 2075 2278 2083 1934 2393 2019 2110 1925 2298 2005 2207 1799 2370 2111 1885 1835 1888 1738 1967 2067 2017 1994 2237 2156 2171 2323 1998 2135 2387 2082 2046 1758 2303 1826 2062 2026 2135 2458 2272 2067 1908 2005 1974 1818 2268 2003 2340 1939 2011 2270 2067 1982 1953 2556 1877 1900 2053 1932 2004 2300 2148 2019 2157 2151 2042 
2118 2309 2102 2041 2187 2370 2584 2235 2141 2258 2111 2188 2421 2177 2116 2033 2003 2124 2041 2415 2377 2041 2093 2358 2341 1694 2146 1976 2271 2303 2118 2205 1970 2397 2362 2325 2362 2315 2063 2373 2022 2202 1923 2226 2040 2264 1982 2433 2075 2141 2043 2023 1941 1989 2074 2144 2230 2400 2326 2419 2059 1966 2211 2387 2155 2022 1957 2355 1908 2198 2232 2122 2481 2275 2123 2065 2066 2202 1891 2375 1951 2437 2024 2029 2254 2377 2190 2198 2505 1781 2023 2006 2081 2336 2287 2303 2137 2281 2250 2275 
1924 2054 1922 1922 2130 2015 2260 2134 1990 1989 1956 1992 1924 2204 1975 1797 1795 2120 1989 2184 2184 1897 2034 2059 2336 1656 1821 1590 2016 2097 2089 2127 1814 1930 2230 1983 2051 2303 1827 2195 2015 2010 1817 2222 1857 2021 1847 2348 1998 1693 1763 2020 1773 2083 1924 1957 1961 2040 2057 2275 1932 1682 1983 2089 1935 1932 1736 2177 1816 1941 2050 1868 2192 2224 1876 1937 1995 1880 1642 2194 1826 2053 1765 2008 2018 1984 2127 1838 2447 1944 1816 1869 2027 2112 2090 2164 1917 2057 1957 2019 
1867 1959 2011 1732 1752 1905 2321 2114 2019 1863 1905 1863 1985 1932 1859 1716 1717 1973 1910 2176 2017 1818 2006 2099 2260 1587 1685 1787 2022 2117 1992 1940 1814 1822 2024 2044 1902 2114 1776 2162 1797 2029 1750 2038 1800 2037 1719 2116 1978 1692 1839 1810 1744 1800 1897 1921 1824 2287 1985 2260 1948 1794 1979 2128 1980 1836 1618 2121 1674 1738 1975 1866 2320 2034 1810 1894 1888 1913 1548 2111 1799 2093 1610 1879 2178 1918 1872 1855 2236 1716 1750 1811 1866 1890 2149 2180 1928 2163 1862 2034 
2052 2032 2073 1849 1861 2116 2320 2245 2046 1942 1995 2016 2067 2121 1810 1836 1753 2061 1886 2234 1942 1846 1860 2126 2136 1816 1841 2009 2201 2261 2072 2044 2089 2027 2103 2192 2211 2189 1937 2258 2004 1957 1974 2231 1872 2063 1788 2189 2157 1851 1771 1884 1808 1869 1925 1978 2071 2118 2173 2210 2071 1774 1945 2169 2033 1799 1955 2156 1911 1834 2000 2036 2251 2106 2088 1970 2120 1767 1594 2256 1867 2215 1927 1953 2125 2023 1984 1859 2234 1772 1843 1874 1858 2047 2223 2220 2094 2229 1954 1769 
1973 1877 1651 1697 1768 1863 2203 1875 1970 1907 1826 1676 1761 1880 1733 1732 1622 1967 1764 2051 1696 1537 1818 1801 1954 1513 1456 1564 1923 1797 1842 1762 1629 1898 2051 1750 1978 1946 1771 1973 1769 1842 1719 1937 1902 1798 1712 1914 1826 1579 1642 1758 1674 1700 1729 1808 1803 2156 1964 2198 1954 1652 1753 1804 1723 1490 1582 1882 1641 1813 1815 1606 1963 1879 1800 1791 1842 1703 1558 1879 1610 1845 1605 1880 1995 1708 1803 1828 2014 1794 1676 1676 1756 1711 2026 1847 1632 1953 1769 1766 
1715 1745 1808 1829 1893 1955 2115 1925 1905 1706 1893 1727 1909 1896 1742 1636 1554 1785 1847 2041 1834 1650 1766 1862 2107 1666 1735 1725 1947 2058 1829 1866 1616 2086 1894 1893 1938 2017 1637 2055 1848 1723 1683 2015 1659 2007 1675 2106 1891 1849 1637 1813 1606 1790 1695 1957 1815 2081 2010 1855 1878 1772 1869 2028 1888 1702 1594 2020 1607 1815 1783 1957 2215 1888 1807 1596 1858 1833 1549 1972 1775 2077 1813 1811 1984 1834 1799 1681 2165 1737 1582 1786 1693 1805 2097 1982 1817 1865 1965 1776 
1909 1996 1837 1754 1884 1981 2221 1983 2033 1901 2052 1812 1932 2104 1725 1712 1689 1886 1825 2161 1938 1656 1882 2056 2152 1654 1747 1712 2010 2003 1954 2012 1808 1804 2115 1830 1898 2060 1842 2167 1734 2065 1900 2149 1745 1958 1808 2215 1882 1832 1821 2014 1740 1939 1875 1897 1909 2197 2019 2299 1933 1653 1937 1956 2040 1666 1625 2035 1754 1838 1923 1817 2216 1947 1857 2054 1920 1820 1504 2055 1595 2104 1771 2022 2112 1843 1855 1900 2097 1759 1758 1750 1749 1917 2004 2049 1747 1998 1902 1830 
1976 2105 2077 2045 1993 2135 2492 2127 2127 2198 2167 2127 2120 2114 2005 1887 1924 2186 1987 2204 1930 1963 2101 2165 2332 1679 1806 1690 2162 2260 2070 2013 1951 2194 2233 1997 2204 2212 1932 2285 1999 2102 1934 2362 2057 2262 1940 2360 2231 1878 1811 2010 1749 2064 2035 2129 2104 2346 2385 2289 2305 1797 1901 2279 2094 1933 1807 2254 1910 2122 2175 1915 2280 2115 2042 1933 2093 1892 1796 2402 1883 2145 1890 2112 2251 2056 2014 1944 2360 2014 1945 1916 2029 2054 2212 2288 1889 2223 2268 2075 
2164 2006 1724 1885 1889 2213 2221 2077 2243 2234 2083 1997 1972 2068 1887 1922 1816 2184 2018 2295 1970 2049 2017 2166 2356 1767 1943 2028 2188 2080 1973 2254 2047 1981 2317 2239 2141 2365 2009 2335 1904 2230 1870 2298 1931 2176 1851 2224 2000 1727 1857 1892 1897 2054 1883 2040 1962 2242 2225 2416 2125 1899 1979 2108 2246 1830 1852 2244 1922 1898 1962 1894 2400 2234 1997 2113 2066 1961 1939 2183 1837 2344 1787 2047 2198 2081 1998 2019 2129 1934 1833 1963 2024 1932 2311 2102 1916 2394 2002 2045 
1811 1867 1952 1831 1796 2076 2333 2012 1895 1982 2122 1886 2040 1930 1835 1849 1809 1921 1908 1958 1762 1799 1934 2084 2125 1649 1757 1756 2027 2078 1978 2079 1847 2039 2206 2018 1964 1996 1724 2169 1906 2011 1844 2077 1867 2031 1705 2201 1935 1896 1792 1886 1671 1829 1958 1985 1859 2157 2051 2098 2035 1685 1877 2048 2029 1611 1609 2223 1819 1944 1930 1881 2107 2110 1904 1936 1987 1761 1634 1972 1841 2176 1657 1901 2115 2028 1900 1841 2206 1751 1800 1711 1727 1872 1955 1919 1837 2110 1844 1871 
2023 2006 2202 1853 2008 2066 2380 2197 2071 2085 2003 2108 2087 2194 2072 1807 1834 2230 2066 2256 1978 2168 1997 2175 2172 1795 1760 2027 2187 2390 1891 2170 1965 2110 2167 2102 2140 2407 1834 2202 2006 1993 1860 2292 2103 2049 1797 2262 2195 1964 1862 1968 1911 1916 1909 2075 2109 2350 2214 2243 2022 1849 2021 2230 2091 1843 2009 2397 1970 1931 2140 1929 2341 2124 2103 2068 1977 1941 1600 2353 1821 2350 1888 1942 2090 2271 2197 1901 2229 1931 1868 1843 1984 2047 2148 2185 2111 2229 2116 1893 
2198 2088 2083 1929 2208 2130 2505 2076 2311 2109 2182 2100 2263 2201 2062 1895 1983 2224 2185 2437 2181 2129 1991 2228 2352 1802 2053 1943 2378 2357 2018 2233 2061 2173 2211 2153 2260 2209 2003 2382 2149 2181 1943 2461 2079 2154 2114 2350 2247 2008 1867 1931 1935 2102 2137 2083 2251 2421 2302 2332 2289 1993 2190 2343 2143 2147 1894 2168 1854 2115 2076 2121 2629 2307 2178 2101 2084 1995 1888 2477 2041 2304 1953 2045 2283 2154 2077 2130 2378 1998 1910 2173 2123 2069 2260 2121 1991 2300 2297 1892 
1756 1947 1706 1608 1733 1883 2085 1915 1981 2006 1897 1785 1953 1946 1606 1613 1571 1951 2009 1928 1792 1812 1851 2089 2072 1569 1788 1731 1847 2041 1779 1953 1625 1894 2036 1824 1913 1995 1808 2036 1778 1753 1678 2101 1597 1838 1577 2136 1841 1784 1650 1824 1654 1947 1769 1737 1841 2090 1849 1984 1824 1589 1782 2050 1923 1715 1760 2038 1676 1942 1966 1757 2128 1813 1675 1842 1809 1814 1611 1928 1825 2138 1852 1647 2028 1932 1875 1714 2135 1613 1751 1706 1796 1776 2001 1965 1818 1975 1797 1820 
1875 2137 1932 1837 1829 2077 2354 2124 2123 1899 2108 1918 1942 2242 1813 1870 1862 2143 2002 2202 2013 1968 2174 2244 2338 1797 1942 1960 2138 2210 2128 2092 2024 2166 2396 2084 2182 2351 1886 2236 1898 1974 1992 2207 1797 2096 1819 2357 1964 1999 1979 1744 1865 2098 1663 1973 1894 2232 2076 2177 2050 1957 2048 2097 1915 1852 1869 2195 1945 1947 2060 1902 2267 2204 1847 2100 2082 1901 1811 2252 1979 2371 1782 2034 2294 2181 2059 2041 2442 1856 2002 1850 1871 2056 2173 2166 2035 2226 2114 2061 
2149 1967 2102 1854 2042 2216 2399 2084 2151 2082 2104 2119 2070 2258 2049 1903 1773 2130 2059 2251 2107 1982 1958 2354 2315 1805 1918 2045 2073 2342 2082 2186 1961 2117 2177 2110 2172 2204 1902 2351 1910 1954 1953 2471 1988 2188 1825 2560 2182 1977 1952 2100 1895 1958 1986 2050 2087 2239 2317 2448 2255 1803 2134 2234 2140 1921 1990 2251 1986 2008 2198 2079 2253 2206 1962 2029 2185 1830 1829 2295 1972 2206 1905 2027 2076 2174 2063 1824 2284 1816 1836 1890 1879 1982 2182 2148 2125 2260 2077 1963 
1839 2068 2035 1929 2000 1946 2261 2120 1939 1996 2050 1928 1909 2111 1806 1898 1757 2157 2049 2162 1951 1762 2052 2090 2024 1758 1713 1850 2027 2191 1967 1973 1827 2179 2224 1929 2004 2383 1872 2156 2011 1928 1738 2092 1997 2082 1906 2218 2289 1912 1821 1965 1928 2046 1826 2000 1930 2440 2117 2159 2152 1712 1899 2112 2053 1765 1903 2211 1887 1956 2033 1903 2205 2075 1998 2011 2021 1850 1676 2222 1868 2136 1723 2018 2139 2086 1859 1900 2258 1963 1842 1942 1843 1891 2265 2139 1901 2241 2052 1892 
2103 1876 1864 1821 2006 2122 2357 2065 2229 2017 2055 1965 2048 1935 1852 1843 1690 2040 2009 2141 2015 1997 1957 2209 2301 1774 2031 1883 2018 2090 2072 2152 1830 2067 2192 1989 2112 2137 1966 2383 1921 2045 1824 2204 2056 2114 1821 2212 2234 1800 1687 1943 1771 2057 2015 2005 1969 2284 2189 2349 2079 1842 1925 2191 2137 1868 1883 2210 1840 1953 2034 1944 2356 2220 2070 1969 2101 1860 1730 2122 1945 2125 1932 2029 2095 2112 1953 1967 2204 1992 1991 1929 1994 2059 2162 2202 2081 2240 2069 1869 
1943 1987 1828 1718 1897 1955 2167 2125 2128 1890 1845 1631 1766 1990 1673 1768 1569 2027 1943 2292 1929 1715 1912 2081 2187 1708 1695 1803 1979 2056 1993 1898 1816 1961 2077 1921 2149 2141 1917 2110 1954 1863 1805 1995 1922 1940 1691 2136 2031 1754 1782 1765 1611 2007 1839 1879 1934 2185 1931 2100 2166 1714 1909 2214 1974 1686 1660 2028 1791 1940 1964 1808 2266 1898 1769 1721 1964 1828 1593 2081 1808 2066 1860 1962 2096 1776 1852 1765 2214 1895 1855 1764 1932 1886 2204 2029 2035 2056 1914 1796 
1720 1826 1565 1556 1667 1811 2134 1951 1863 1705 1875 1620 1590 1927 1578 1652 1438 1822 1752 1998 1791 1741 1811 1973 2139 1509 1757 1769 1924 1943 1960 1774 1777 1774 1982 1840 1898 1958 1572 1948 1626 1795 1772 1916 1741 1816 1643 1954 1780 1664 1703 1597 1665 1617 1555 1663 1689 1835 1800 2016 1810 1577 1735 1818 1715 1616 1554 1970 1645 1724 1800 1683 2012 1974 1758 2021 1891 1584 1475 2134 1650 1850 1804 1743 1943 1868 1764 1708 2039 1476 1751 1621 1777 1824 1847 1927 1811 1933 1867 1595 
2057 2038 2174 2019 2020 2173 2456 2246 2179 2190 2083 2047 2132 2143 1980 2008 1674 2045 2005 2308 2029 1967 2065 2283 2337 1786 1828 1997 2234 2360 2036 2182 1823 2154 2295 2279 2163 2199 1921 2360 1987 2199 1839 2176 2092 2190 1899 2166 2020 1944 1977 1997 2111 2084 1907 2095 2168 2435 2243 2211 2223 1707 2171 2335 2149 1655 1996 2276 2048 2111 2208 1990 2330 2077 2067 2044 2126 2087 1888 2267 1938 2307 1861 2018 2330 2082 2136 1905 2352 1756 1778 1880 1929 1898 2257 2236 2078 2255 2094 2150 
1947 2215 2091 1975 2063 2143 2608 2025 2099 2100 2168 2065 2074 2249 1820 2060 1837 2199 2187 2311 2012 1946 2128 2122 2293 1764 1712 1992 2059 2297 2130 2144 1824 2196 2441 2016 2321 2285 1979 2331 2204 2161 1803 2401 2046 2271 1914 2385 2090 2076 1934 1966 1908 2092 2028 2122 2015 2424 2192 2320 2239 1942 2124 2351 2085 1978 2056 2189 1980 2047 2104 2080 2257 2273 2006 2125 2157 1945 1754 2296 1994 2357 1889 1955 2306 2233 2260 2096 2410 2001 1880 1888 1946 1936 2027 2093 2014 2088 1995 1938 
2190 2116 1994 1992 2162 2222 2403 2126 2072 2166 2152 2026 2152 2168 1932 2064 1759 2079 2094 2424 2037 1995 2018 2303 2368 1784 1909 2048 2076 2206 1963 2167 1887 2031 2240 2175 2088 2413 2087 2313 1949 2256 1961 2287 2038 2052 1859 2218 2150 1842 2001 1964 1937 2225 1822 1949 1892 2308 2216 2339 2217 1786 2060 2079 2051 1775 1892 2229 1987 2049 1965 1990 2467 2245 2042 2159 2094 1932 1700 2267 1812 2197 1819 1974 2100 2126 1908 2017 2324 1932 1964 2156 1999 2149 2215 2097 2070 2199 2121 1932 
1793 1914 1971 1743 1891 1957 2171 1932 2005 1915 1857 1958 1927 2012 1869 1686 1578 1971 1958 1996 1752 1791 1748 1935 2200 1641 1718 2037 2008 2182 1846 1845 1789 2010 2083 1901 1993 2016 1780 2072 1805 1915 1704 2136 1787 1986 1618 2093 1790 1721 1765 1749 1752 1875 1638 1747 1948 2100 2105 2127 2012 1596 1903 2068 1866 1806 1867 1898 1852 1786 1994 1747 2011 1930 1802 1781 1967 1889 1684 2134 1892 2196 1700 1763 1979 2062 1878 1778 2072 1774 1602 1553 1859 1901 2099 1936 1872 2002 1872 1810 
1864 1905 1909 1835 1988 2076 2343 1973 2139 2028 2104 1965 2131 2083 1924 1732 1760 2129 1923 2226 1869 1932 1867 2041 2321 1744 1674 1789 2121 2099 2123 1974 1911 1898 2212 2052 2130 2191 1860 2318 1774 2154 1778 2132 1986 2222 1855 2297 1925 1893 1831 1818 1726 2045 1959 1877 2124 2340 1977 2270 1955 1759 1855 2148 1979 1841 1701 2057 1670 1918 2001 1911 2390 2126 2009 1963 2055 1856 1579 2258 1920 2125 1903 1839 2088 1965 1992 1925 2207 1871 1939 1749 1889 2201 2112 2061 1893 2131 2073 1857 
1827 1769 1762 1739 1953 1964 2167 1975 1889 1864 1883 1892 1794 2021 1845 1634 1528 1923 1710 2031 1929 1786 1679 1990 2102 1662 1801 1678 1948 2094 1882 2047 1920 1992 2147 2108 1927 2116 1649 2193 1682 1982 1711 1959 1690 2083 1684 2106 1885 1701 1759 1822 1792 1803 1615 1869 1956 2153 2029 1967 1923 1700 1927 2091 1968 1535 1665 2025 1734 1791 2092 1805 2083 1989 1834 1888 1883 1803 1717 2105 1832 2178 1633 1779 1937 1996 2011 1717 2124 1676 1869 1698 1813 1804 1919 2095 1699 2104 1990 1980 
0 0 0 0 0 0 0 0 0 0 0 0 0 0 0 0 0 0 0 0 0 0 0 0 0 0 0 0 0 0 0 0 0 0 0 0 0 0 0 0 0 0 0 0 0 0 0 0 0 0 0 0 0 0 0 0 0 0 0 0 0 0 0 0 0 0 0 0 0 0 0 0 0 0 0 0 0 0 0 0 0 0 0 0 0 0 0 0 0 0 0 0 0 0 0 0 0 0 0 0 
0 0 0 0 0 0 0 0 0 0 0 0 0 0 0 0 0 0 0 0 0 0 0 0 0 0 0 0 0 0 0 0 0 0 0 0 0 0 0 0 0 0 0 0 0 0 0 0 0 0 0 0 0 0 0 0 0 0 0 0 0 0 0 0 0 0 0 0 0 0 0 0 0 0 0 0 0 0 0 0 0 0 0 0 0 0 0 0 0 0 0 0 0 0 0 0 0 0 0 0 
0 0 0 0 0 0 0 0 0 0 0 0 0 0 0 0 0 0 0 0 0 0 0 0 0 0 0 0 0 0 0 0 0 0 0 0 0 0 0 0 0 0 0 0 0 0 0 0 0 0 0 0 0 0 0 0 0 0 0 0 0 0 0 0 0 0 0 0 0 0 0 0 0 0 0 0 0 0 0 0 0 0 0 0 0 0 0 0 0 0 0 0 0 0 0 0 0 0 0 0 
0 0 0 0 0 0 0 0 0 0 0 0 0 0 0 0 0 0 0 0 0 0 0 0 0 0 0 0 0 0 0 0 0 0 0 0 0 0 0 0 0 0 0 0 0 0 0 0 0 0 0 0 0 0 0 0 0 0 0 0 0 0 0 0 0 0 0 0 0 0 0 0 0 0 0 0 0 0 0 0 0 0 0 0 0 0 0 0 0 0 0 0 0 0 0 0 0 0 0 0 
