320 -221 -726 90 -258 -252 239 179 -35 -228 155 186 -60 68 -291 345 -248 187 -291 -304 -81 627 -241 138 -1 -17 -93 199 -263 -193 407 -423 -140 10 464 513 44 -39 581 -270 -102 537 -455 721 -39 361 -535 -360 -174 -103 -72 -596 -270 62 -274 -228 584 209 144 29 -309 201 -297 -85 333 534 -214 6 151 2 30 -221 -483 845 -54 -250 -478 244 84 101 -404 -484 -427 440 340 498 -127 -178 223 140 534 -294 -228 506 -51 701 269 -378 -123 -378
138 -356 118 -14 -460 -284 207 32 -289 281 -316 525 -162 -232 391 -72 -470 90 651 20 -195 -396 -75 1139 386 -209 -297 743 -14 -56 -167 702 -572 196 -290 473 215 -91 -30 23 463 -613 -244 243 -38 -209 -70 428 -22 -150 -251 0 72 -581 -339 -14 95 112 -257 669 -366 889 -210 -106 5 -37 -72 -133 -339 -8 740 -300 -793 -64 563 57 -701 336 -386 -96 31 -351 699 36 -602 27 -554 406 521 116 235 -2 -186 89 197 -203 307 334 403 -98
-128 -290 -280 -459 87 -75 877 235 -406 -41 700 -368 -260 414 364 691 181 -373 -742 -522 25 372 55 430 113 -77 -579 -563 -375 -92 -58 891 360 -339 -79 -160 -658 -1049 827 306 -32 -152 -724 220 83 125 -540 -221 93 305 -234 957 80 -263 21 265 -73 66 279 177 -47 2 338 -58 -19 -510 177 89 56 200 -541 106 -136 -91 -615 236 -263 76 -11 371 -600 372 255 364 111 -190 -313 -413 -89 -85 290 -172 677 -373 -355 284 -154 -507 -918 -104
-51 121 69 -427 120 -574 -765 586 320 1 -156 -201 343 -2 -139 375 348 324 147 -405 -85 439 -51 -2 -261 134 140 32 -56 512 -546 -314 -83 -155 425 -159 -107 -407 -496 506 -231 353 153 -82 122 -779 532 -318 -127 461 503 -614 -150 -654 450 11 -336 -244 -411 -9 75 -565 -586 109 574 143 445 34 373 -241 548 -105 625 291 296 -681 444 346 -772 -43 -373 -412 -37 662 234 189 -155 -436 -530 591 -233 -307 37 -163 -365 202 -103 -482 -38 210
733 -423 -746 312 -51 -418 -349 -445 -388 -56 -255 -218 330 114 271 192 -27 -16 -519 -449 -286 523 308 279 -16 253 -336 365 -167 -74 227 -78 17 -13 565 -219 -559 -366 -231 384 -240 -81 770 642 44 -27 -183 -27 -110 -25 166 36 -237 228 460 256 110 190 -355 -322 80 -334 -172 -310 -104 261 -202 546 -528 850 -593 855 -190 607 -184 -417 -355 -87 337 289 0 271 428 422 251 -502 -479 -232 925 271 -262 287 72 59 390 -778 684 283 -643 -630
-416 -159 -281 -166 -47 -463 207 -521 223 -23 99 -435 770 357 -165 -616 -491 -155 -378 -190 -322 340 -496 -278 44 710 502 -355 -482 172 -588 -161 -594 -299 199 -315 -545 -430 312 18 -536 168 -385 -533 73 335 49 -53 313 110 -550 697 -73 -176 -161 243 -84 -208 -343 -640 361 -258 343 -27 94 -361 -253 315 339 -583 -247 201 94 -101 -375 -328 331 781 -48 555 -441 174 234 110 62 -167 231 -419 315 -266 215 121 -34 10 -346 73 -6 -637 -1097 -153
59 907 164 353 -44 -159 -87 -178 92 -167 -213 -425 39 -233 303 -369 -224 572 -578 -368 94 495 202 -35 -221 -108 -174 -532 -130 363 226 235 -391 565 -126 375 435 321 -24 -559 -487 -439 -161 306 394 -57 -382 -436 980 32 302 134 -273 -70 179 -293 -5 -239 -56 164 456 -60 196 -90 -464 257 -331 456 -326 332 410 143 577 -277 519 -17 -234 -116 -220 -104 258 -214 -89 -309 54 -237 432 -45 179 -395 -493 -255 -196 544 160 -360 468 120 -114 546
527 286 21 -318 -741 -346 -113 38 131 -19 -94 158 166 -173 172 3 36 -327 36 367 -132 498 230 -267 -623 -358 -51 272 432 -392 -64 180 -816 517 -9 288 456 -375 -153 81 565 -422 -382 -143 380 483 -723 59 -176 -510 424 26 -406 48 383 357 83 -192 -105 28 53 29 157 -387 -207 416 -197 399 -127 242 -251 59 -662 438 292 180 35 76 -75 -513 89 -292 -30 237 141 -287 86 107 -215 17 216 19 -67 303 225 -205 241 282 0 -123
709 -242 143 365 -633 -33 -45 -182 -352 -67 516 419 443 -100 455 -89 763 -930 -137 -49 300 -365 -425 322 -49 227 452 -149 -805 486 565 -610 241 -192 717 -358 118 911 668 184 764 -804 933 454 -823 -146 -5 875 -332 12 -61 -138 178 130 138 -374 -153 218 -47 652 -447 -213 268 -117 -139 -749 -981 -74 276 66 -406 486 357 -304 272 -76 91 -82 574 -124 482 -117 181 9 -137 -229 931 14 375 142 -229 -387 -58 -619 39 -418 -388 -764 490 235
-174 284 190 -428 353 -1069 855 -423 522 -1095 -214 395 59 -612 -244 -509 -428 -565 -11 755 -709 41 -304 -65 427 -46 -385 -292 39 -310 98 -190 -654 783 240 213 -366 973 496 454 -365 480 -177 -327 91 472 27 77 -127 392 1068 231 -270 -233 -12 279 -381 -24 141 333 123 -134 335 106 -267 -42 -321 -34 841 98 -239 -763 606 136 423 501 -561 -27 -338 -91 -8 -338 -701 -394 -310 -556 69 1 362 -506 100 189 95 -716 444 640 656 15 377 92
384 178 -245 -197 -562 13 -97 -611 489 261 -477 368 -411 -271 -58 29 -403 -214 -255 115 73 382 47 299 63 -552 -417 -379 370 -565 -310 526 10 -268 -128 271 198 -585 -532 -204 -300 -405 27 122 141 55 190 18 242 -187 307 -236 -620 -126 256 -643 112 -563 -352 -54 416 479 -474 470 38 -148 289 147 -379 257 -209 -568 -564 599 107 39 174 -201 665 -488 5 -507 420 59 -101 -100 -118 -614 73 383 321 -250 -225 299 611 222 245 91 -192 -283
345 -227 -55 -121 -276 -15 63 394 349 -375 -29 472 13 249 95 -46 192 333 -546 -99 -672 -276 104 151 742 175 -578 138 -13 -250 56 169 -541 100 185 -43 202 188 -472 365 379 -204 770 -422 -352 -659 -263 458 250 135 -172 272 800 315 -404 271 602 -218 596 474 141 135 393 334 -108 154 -546 -243 -583 -141 121 1085 -136 -391 229 96 -348 364 -166 198 321 -213 90 -690 -251 -428 101 607 69 -496 473 -15 209 -80 -27 -444 -299 199 -162 409
413 -343 -408 82 -677 -754 208 -174 340 53 -310 -236 301 17 229 -454 -769 175 -203 452 -611 460 -806 281 -318 -75 -270 -134 -177 -298 -273 64 -608 -121 -103 -430 223 377 -284 45 624 -102 49 -486 -211 88 -222 360 578 133 134 -451 -33 -789 -301 -535 104 -14 -484 3 -244 -245 23 201 227 377 -576 297 943 434 -10 -586 130 595 329 203 -160 -89 -100 -143 -276 -341 459 -434 117 1 -373 -125 75 80 50 431 517 -338 -29 550 -36 -805 -45 -258
-390 -412 -706 -366 178 -58 665 452 -37 -181 394 -109 629 281 -460 -202 -91 -86 -161 59 81 191 165 -123 17 -13 153 486 663 -734 -718 -643 -467 -145 -210 15 -196 -294 102 -343 -127 136 -59 -609 39 360 -142 355 -262 45 -661 504 16 -120 -368 115 -230 66 -387 -347 -693 -78 255 179 -329 -17 -68 742 111 106 656 -63 -488 -179 -441 -487 428 -121 -19 447 -174 -379 198 327 91 159 -277 -184 316 52 -484 61 47 349 -15 119 -79 726 211 -323
360 447 603 874 -3 -221 720 -115 -191 460 759 20 -346 -108 -421 -326 408 694 -290 -342 536 17 402 812 -292 -697 -398 -399 -150 -586 602 236 -162 -169 694 185 103 307 -24 -150 440 170 275 128 52 439 -448 345 -509 504 268 -149 -546 -629 -289 -420 550 44 -326 -382 224 -130 497 514 353 56 -307 24 164 386 -545 -216 91 322 368 251 -441 -236 -66 18 155 -493 116 231 -215 38 203 391 -49 709 -49 -352 23 -91 -749 -483 99 -12 46 -291
523 429 -656 -867 -398 -90 -200 113 374 -182 -823 -452 -45 5 -63 146 281 -392 -342 -229 -224 504 68 304 1013 -28 -509 158 -561 -728 -562 -483 274 158 -154 235 158 376 -300 -802 -281 248 318 181 -175 -540 114 -197 -321 -314 -8 29 628 -425 -199 -349 228 526 -201 273 -56 196 245 131 470 266 -163 46 -635 816 1027 178 -639 -445 442 514 -8 -124 -182 -424 -484 -558 433 -241 327 99 285 -131 80 -142 -89 342 -247 637 533 180 -42 244 -439 -163
-371 436 271 -524 -78 118 -721 37 -89 -528 -910 -55 -286 551 697 1 -346 1 -218 46 -109 253 449 -337 -158 32 106 -192 501 -480 -145 522 162 426 -85 134 -162 47 -562 -634 -47 -331 -26 -336 431 -241 -254 119 -65 -128 32 -73 155 304 -192 -667 570 -148 -316 -23 -63 -340 384 96 -140 -269 156 221 285 638 235 -739 -99 -673 -217 190 -508 257 -516 -76 -308 -660 117 -421 -97 20 86 184 17 -217 -184 -242 -208 409 235 220 -482 1014 -328 -112
41 20 -586 121 -24 122 25 -155 333 -125 45 -189 323 134 -108 -449 89 -138 -202 166 331 285 193 -15 63 521 656 -251 342 -457 200 -46 -134 113 -380 -161 232 -163 20 -291 268 302 47 -530 -188 -558 -40 128 53 -683 -167 -37 -11 -90 69 -402 55 34 458 -614 166 -12 171 -37 -154 -474 -391 -345 119 234 -206 -1 -202 -455 -306 48 497 153 23 219 -52 905 -494 -635 575 -183 -652 -93 -105 -194 -412 575 179 106 -184 50 -107 -85 -320 -702
252 -45 -16 -833 133 360 -167 -184 273 -155 -331 -86 144 454 206 -207 70 260 -110 -46 -596 144 -787 370 710 -175 311 -10 -773 314 -198 -253 -129 -457 -3 86 505 -212 510 8 -9 434 277 -191 379 81 72 -149 -59 -176 -327 -167 -11 49 93 52 -415 352 -64 -289 70 34 -192 -50 2 -30 62 123 195 -399 -321 371 -120 479 151 -242 224 483 -127 -145 132 516 -61 297 -242 323 582 285 36 283 582 -309 -617 -437 -112 245 -144 -328 -134 797
520 5 262 211 54 -868 -297 24 -134 77 103 207 291 151 645 -487 -580 84 93 -216 429 -145 284 910 90 -82 323 -351 -124 344 184 602 63 -74 -460 207 -699 -199 451 -215 -7 -338 -401 581 238 -72 325 -58 206 57 -380 -267 150 -51 -269 -77 -498 112 467 -325 628 236 -581 -337 430 203 22 -313 687 288 160 187 147 124 660 40 -468 -243 443 372 -131 26 378 -85 222 -546 -6 36 41 -16 199 83 -144 -481 -248 -21 -264 -845 250 -198
-58 -8 403 -120 144 -243 249 41 -164 -357 11 -84 299 -382 -7 -275 -187 631 445 -281 -92 -562 -132 42 -80 446 89 -18 -162 1132 453 14 130 -115 -274 -4 87 -113 747 -323 -292 123 -134 683 -26 221 -41 118 13 37 225 62 173 68 -313 47 -167 410 540 386 -249 543 -556 -649 533 139 95 -53 -140 274 -306 -772 37 20 -95 -438 -561 -163 -154 717 100 203 -86 90 81 130 -128 -58 -173 -308 -455 -189 -418 -123 -133 -55 -93 -147 885 -94
219 -526 -25 246 -315 -309 196 658 45 279 -251 254 -487 -70 -131 -270 -510 -186 -209 524 67 481 -39 299 149 -314 -100 219 -31 -550 -401 51 -308 -185 327 -229 -249 -494 239 202 -297 -79 -121 -427 183 -453 26 85 -93 323 339 65 28 622 -64 -331 1120 -656 -71 -204 -63 -412 921 309 319 619 376 292 383 458 -581 -158 -394 3 32 -134 326 861 82 -49 195 -333 -276 -400 -297 -92 -533 706 -131 1213 147 111 731 -259 -105 522 -8 297 686 352
-28 156 57 149 -183 401 139 347 -261 516 85 287 -409 -307 117 190 134 113 -407 -351 -185 195 -298 35 466 368 -177 -41 -324 446 210 -74 -394 251 -205 -23 -906 -300 567 -14 -72 -459 33 -96 188 -28 -491 -214 8 102 556 519 -169 281 -54 179 243 115 515 -14 -211 156 381 -305 90 279 131 -45 96 -178 -714 -68 -185 -155 -469 113 -484 700 891 450 -792 251 -274 -460 667 -288 -192 -142 -451 -472 113 -424 346 47 -554 -223 -156 -571 -161 -140
-1 -161 200 -551 216 -90 -192 -175 -40 -27 -741 50 107 -197 231 894 -242 123 224 137 191 89 521 -434 -132 165 216 -113 -112 -389 399 -419 240 -502 26 -488 -167 -336 -424 -148 -107 -100 314 49 -59 104 233 -182 172 -484 381 -234 -786 126 -82 28 -605 -288 -661 227 298 -74 64 -663 464 515 490 252 208 97 -100 516 113 575 123 270 250 -713 225 455 -431 411 317 412 143 363 431 -321 -372 -248 -67 -293 693 -432 -358 102 -62 -135 -171 0
454 156 103 -549 36 -156 -415 -344 -285 -157 -443 514 -151 154 -323 118 -337 -11 292 570 -357 -212 -637 -50 215 358 6 1356 97 -119 2 70 124 -420 427 -610 -125 -354 93 -84 -160 -153 361 297 -169 -749 -224 160 -28 348 50 246 318 -542 404 -389 -42 -189 -297 193 42 -197 -170 248 191 631 -291 -453 -159 -853 -162 -165 205 85 -38 220 407 411 130 687 507 194 -444 294 -131 156 -527 113 -293 482 -72 577 437 -767 44 381 509 -42 -158 343
81 -589 258 28 209 -194 131 374 -930 66 324 -76 14 -334 -125 317 321 237 19 -780 -115 322 -265 138 77 -574 -322 518 -29 356 -111 -488 -12 -945 -158 -46 -847 -428 517 255 -181 4 -117 -13 -235 192 -363 -209 -323 607 -226 604 -266 389 244 438 13 460 440 -331 -314 340 -823 759 -361 -141 -25 253 279 -180 119 -557 126 -359 8 -487 718 -212 214 499 387 -281 68 533 -308 -364 220 -297 225 344 -69 -270 230 -174 -171 -104 -292 -363 205 -624
-596 475 498 -22 -76 15 376 61 -266 -206 -398 -319 572 -324 -53 118 610 -80 525 -118 -134 -251 -127 381 564 495 -377 325 537 55 210 -37 -290 464 123 563 242 -256 -145 782 -365 -724 -251 407 -167 -89 27 -186 -147 -11 -206 377 285 -512 -798 -331 97 536 -228 806 325 -269 165 -6 160 -358 -320 -479 -27 -451 62 -17 668 -376 154 77 160 -206 -772 367 170 -476 217 3 -466 -750 312 486 63 -229 -28 -2 -693 -97 -191 -170 -349 -63 63 256
-131 126 -116 -153 19 -599 663 414 -39 -199 375 332 -377 -73 162 -10 505 152 46 -895 171 514 994 361 378 -514 -568 51 385 101 443 -77 37 19 -271 84 -379 300 65 604 200 -102 -698 47 -105 -493 155 -127 -334 -50 233 203 118 -38 138 228 197 -556 787 40 296 292 511 41 695 -470 453 138 -733 -383 -248 -326 350 -739 404 140 -99 29 139 262 309 -24 313 241 -151 -273 -80 729 119 176 -67 -218 108 -116 169 141 526 -347 342 -295
-283 -200 56 24 243 -235 437 728 -47 -384 288 -327 314 353 -176 -503 434 122 -153 84 370 -391 547 -249 -17 101 -56 -518 -434 -347 -513 -38 585 87 40 95 429 667 -508 -42 329 -18 362 -70 419 62 105 83 234 -481 -194 324 150 660 -296 102 430 -293 -344 -166 -218 444 272 463 185 -213 -1335 -285 374 -382 -941 487 218 -193 -292 695 -158 168 15 -709 284 26 -437 -699 6 -813 645 179 -487 -537 -59 371 -184 453 266 -181 -573 221 137 91
-55 -334 -193 54 -360 383 49 53 -571 -813 189 64 -228 458 198 -227 397 -147 -176 179 -151 -170 -262 14 363 522 881 163 -132 -91 -155 -30 745 -84 473 -48 -293 -413 544 -1080 -533 -92 426 -272 -186 -71 -518 -444 332 -574 70 61 -307 295 -24 -782 108 416 172 -389 -210 27 100 -257 15 -258 -702 -27 -30 -209 51 -221 56 -564 -8 92 328 567 73 -13 -385 408 493 -12 -50 377 1 96 -322 -145 -263 -9 -232 507 -654 -380 -231 74 -669 -283
275 -797 241 285 -281 -217 180 -338 -106 -389 57 -79 -261 376 -11 -485 130 -60 141 388 123 -111 -360 87 268 -184 -262 -116 -265 167 405 3 26 -229 -57 266 360 116 -395 90 480 209 22 206 -601 -121 187 -194 157 182 -57 90 -198 37 115 -45 16 -172 -310 324 -351 -48 -24 239 209 -261 -337 -151 261 -63 -134 -337 481 -572 418 -398 105 560 119 -37 -428 -970 -109 -438 -141 -293 549 -171 239 -18 353 105 -156 -159 477 621 226 276 43 187
149 -285 549 -16 32 -315 530 -583 162 -287 302 429 -775 -571 -674 -144 95 114 -27 265 81 -803 -50 330 376 -144 -69 -112 15 -192 13 67 194 -364 -62 -254 253 62 143 -224 259 259 -165 -75 -418 362 -261 -114 -445 254 423 508 -121 203 308 81 137 -460 -33 744 -4 -303 86 -371 82 227 134 -387 -377 563 -362 -838 -414 -333 8 -126 86 154 -581 377 274 -169 -362 -531 -422 -186 -314 -224 -327 -130 -247 -381 390 321 -459 301 -151 543 353 275
597 701 -102 1175 113 253 -191 -788 -611 102 313 348 -291 72 625 309 -328 315 -184 -337 528 126 587 -597 -534 -716 -285 -355 -324 222 370 -348 357 -19 -118 408 -339 208 -718 189 -47 -294 421 400 228 779 -457 -163 377 -481 284 -232 -967 641 -52 -234 755 -249 -484 -894 65 -78 -649 168 -246 10 -167 -289 -256 383 -644 142 150 375 82 -256 -614 -303 246 -982 -543 -184 94 -89 445 48 223 34 532 -167 51 17 389 -207 -282 -180 -201 -130 -48 -455
650 -446 434 195 -377 -117 866 -123 178 105 700 36 -441 -130 -579 59 542 -391 129 603 287 -62 107 641 449 -789 357 -431 -210 -612 -99 -38 -129 -64 301 -88 601 68 -486 -103 -68 -533 -25 314 -766 -417 185 -229 -688 -107 -329 63 -168 -383 -599 -1195 360 -664 -115 182 -12 15 151 653 223 -209 91 399 68 -101 -483 40 -95 111 577 241 312 301 -401 -265 561 -408 274 -170 -839 -140 -598 255 345 422 -28 -247 -360 -1161 -469 531 213 7 568 -195
-332 -389 72 -125 465 -162 -302 311 201 -31 58 -227 335 501 110 -182 222 227 -282 -280 7 2 -200 317 -437 -359 595 -448 196 -409 97 -139 -473 -245 -601 -121 -65 120 -282 -157 -24 -486 -273 94 207 -325 158 -242 753 -432 -753 229 408 173 -392 -591 57 -211 13 -682 628 -297 -317 -276 -446 158 -116 906 505 49 -442 -442 -135 15 -544 -26 -142 -251 599 90 -225 454 -299 -201 -92 238 -737 -84 -319 -107 -316 474 -9 554 284 35 126 -66 -63 -779
126 -39 214 -528 620 -313 102 423 358 71 -574 24 -120 -46 104 -47 87 271 -275 -167 -308 -271 -278 10 636 -606 -790 -621 -604 -623 -470 596 -226 69 -628 -167 418 1061 -133 -180 70 577 416 317 -397 -279 609 379 -273 829 -54 356 59 -239 -42 -417 114 233 379 355 -84 324 381 389 80 276 -15 598 236 476 -267 -153 191 -146 335 519 -204 -306 244 694 485 -158 -153 -354 -883 -388 388 483 -81 -411 -155 230 383 14 356 201 359 -8 365 -143
-20 -14 62 -1146 275 297 -276 150 -158 -2 4 207 -19 53 -222 453 48 -237 190 69 -236 -232 165 -367 -404 520 -528 -118 -816 191 1003 279 43 -160 41 520 -1 193 -50 -294 -257 -406 330 -172 306 409 24 -562 -490 263 -62 376 209 -805 138 153 -351 -199 -58 -194 78 -218 -31 -240 -126 49 497 -129 -176 407 -662 188 -221 394 -523 113 -406 405 188 477 -108 -18 -375 389 368 -70 492 -96 -342 -611 314 580 520 -89 348 406 -259 -398 58 200
-445 121 472 -11 -647 557 -521 319 560 780 -284 -37 65 454 752 208 -522 -561 -370 138 440 -460 -1048 -324 -494 142 -145 -58 -255 -51 -148 574 535 296 -78 68 495 545 -257 -620 434 20 142 -290 202 -467 484 262 435 13 -415 -274 -195 714 379 449 181 -461 177 -272 143 218 761 270 -146 423 -397 649 -51 -43 415 634 190 432 68 301 -19 -12 -390 -330 373 -94 -90 -189 -96 424 723 56 -34 80 559 56 -94 639 104 -64 -59 379 -522 210
-646 349 341 -330 139 329 -86 259 -443 163 249 198 44 -667 417 582 -243 -322 -363 705 -92 150 -309 63 448 -445 -231 65 -153 291 417 644 -310 31 106 -360 -273 350 417 76 67 -55 -141 18 26 -65 -136 678 -344 108 -56 -37 -111 225 -13 340 -79 507 -140 444 -234 688 532 425 -214 -177 -529 120 342 -366 306 17 337 -53 49 291 -8 178 176 1066 -518 23 -261 56 -103 -15 331 436 -261 -340 -430 500 778 -269 191 -520 -394 -218 -41 40
860 -499 461 556 -451 472 -688 159 -183 509 -119 369 32 -371 868 -1 92 -149 451 -16 988 -765 646 49 -125 165 -246 300 -206 -299 43 401 800 308 -273 824 581 611 -340 -24 -5 -910 406 498 -75 -241 -50 239 -803 237 119 -186 -310 27 -232 -11 56 -111 -36 -589 -372 181 -524 127 -316 -223 483 462 413 835 -803 -11 -425 -265 -248 465 -273 -200 -193 -257 172 -507 644 355 -183 -1173 508 -160 -247 -574 72 -91 -179 476 -161 -345 -336 941 541 -748
11 -282 -138 508 172 28 274 277 -521 416 -49 159 -283 -640 353 -164 -444 526 -181 16 20 -588 -575 -484 -310 -237 29 501 -342 -246 -278 -60 -36 -519 11 94 -501 -61 -238 330 512 -82 162 382 92 527 -130 129 -6 44 188 117 -364 133 248 690 149 -81 -449 -358 -247 -100 -427 -198 -54 696 3 98 -108 -492 -559 164 -301 202 -239 -883 -155 151 567 57 -43 837 -217 605 685 511 -398 233 -338 -315 404 835 548 -17 -152 182 97 -235 314 -454
-284 115 -433 241 206 -223 158 -205 119 235 264 -704 232 -563 -1123 164 168 96 495 272 -183 256 -584 -149 224 25 -300 60 389 351 409 -640 7 80 99 -117 138 -153 1085 -670 -699 193 -446 52 -432 -592 307 -273 483 100 23 47 735 -514 -341 -187 144 590 325 -3 357 77 547 -242 471 491 463 231 -658 293 -403 -582 132 509 -727 -285 -363 -206 335 -258 864 400 -542 -152 -254 1059 -272 -39 16 -94 -44 -539 245 173 -82 66 262 363 -69 24
-74 89 -478 332 -108 -17 -21 -151 -107 107 -524 -61 -360 -265 711 -496 -570 168 -425 193 289 277 -32 -685 -27 491 324 -477 343 47 -11 18 267 -108 4 73 -694 485 -306 2 -145 249 686 408 399 196 31 14 147 -626 533 -574 236 -241 841 -260 -6 73 203 -123 785 -352 -97 -469 37 508 38 -766 14 202 -70 -412 117 371 -529 372 311 -15 272 657 -346 231 0 -198 587 -481 -199 227 -6 56 110 104 -432 393 -346 214 -504 -550 341 -280
-317 112 -463 90 101 -579 578 -139 161 -58 -479 32 621 139 -61 -1183 232 146 393 139 -230 -473 104 451 -178 -450 344 154 322 388 -504 961 -653 -905 -1111 -57 263 -10 -777 339 -190 295 557 -232 -174 31 789 708 213 -242 -394 4 -287 -76 -135 -326 672 330 -339 130 405 987 -403 28 -9 -728 -671 266 -74 -328 325 -38 -35 31 -85 287 737 -133 -385 -59 505 348 -336 -100 -128 -11 -698 231 887 435 308 40 -184 -165 329 -244 -88 219 -79 -97
-368 -6 333 395 78 -355 8 -473 181 -222 126 610 -757 59 322 -248 654 431 -56 -427 -329 160 -714 -56 -574 209 -67 125 -125 651 -198 817 375 135 459 -82 -177 -352 -205 181 495 125 -149 -232 470 210 -164 -574 -187 542 230 13 -164 -230 742 -129 287 -304 -233 107 -151 -105 360 203 -347 -796 49 -382 80 36 318 -196 238 -212 99 -302 832 -229 536 223 -354 -326 21 -232 -468 668 -222 -203 -278 371 204 -444 -462 109 -271 -315 -185 573 -753 -102
-180 364 159 -321 889 -143 289 23 208 -241 -145 473 237 -80 -601 133 -493 2 -635 -11 -27 208 154 329 547 -257 303 -21 7 -568 33 302 125 341 -200 -324 -242 109 146 -316 186 -40 -35 191 -8 0 -134 -18 136 -226 406 40 -499 -177 209 275 404 128 -520 47 -128 127 53 38 -390 -370 -213 -68 469 251 242 -172 33 263 250 238 -222 -820 500 101 -705 188 -176 -50 -134 412 -239 -567 -492 -338 -390 553 1113 8 14 -4 174 278 261 -176
18 300 32 -147 -128 -267 -710 -203 89 -417 -321 -254 -328 6 -105 273 407 21 -87 335 -302 307 -475 -524 -42 682 -247 123 -177 69 70 -83 75 289 219 235 459 463 168 -131 190 507 563 415 -216 471 222 287 -621 231 -472 -268 476 -406 434 26 -2 235 -679 452 -189 -97 422 -70 116 -133 -414 -636 -246 -424 477 456 376 36 133 -41 204 407 293 426 104 -74 -499 223 -280 55 806 -258 293 -609 -110 -411 -739 114 429 267 -527 760 -490 946
-222 -362 -185 -51 -461 1154 -292 370 318 416 44 -53 238 315 -330 -168 -503 548 -177 254 -345 -22 91 -372 280 621 -212 471 -487 -538 -39 -201 -369 -203 648 292 -15 -102 -396 342 -95 -484 160 -648 377 140 34 748 -613 -142 -277 112 55 488 112 -84 -43 -210 -291 -119 -497 -220 417 -36 -187 116 140 136 -327 359 -127 892 -13 124 -528 -8 -33 384 -514 372 105 77 89 164 295 -387 225 271 -294 383 -63 67 389 662 715 -23 397 37 -138 -16
-165 50 202 148 -479 434 486 119 166 -269 -451 -320 -101 138 -14 -3 -531 102 -821 121 148 -208 -340 -104 460 370 -44 6 90 -201 -527 -550 -374 -311 89 -75 -47 -361 -103 198 823 461 192 -57 63 -318 -123 240 62 -496 472 5 216 -8 -11 386 -123 -509 112 682 30 442 2 216 506 395 -402 -89 -272 -389 265 -100 -441 -532 -99 -507 381 783 -989 -263 353 -408 -18 -292 523 -80 -154 -414 154 106 546 -576 -601 176 -202 555 -397 -311 -190 -135
-300 590 -716 -226 -204 341 -404 -219 -517 -1 413 445 692 -134 78 424 -679 395 -707 170 21 -534 -81 -493 -679 -286 -147 311 180 -313 39 -175 60 -89 -63 321 -494 -112 -837 -298 -451 -213 94 176 382 -217 -977 76 275 -512 -238 250 396 -337 -197 -85 267 197 -34 -428 -413 172 -437 641 100 142 101 -392 69 146 126 80 -244 3 -52 -622 -532 641 -619 -162 -647 -210 526 325 703 -238 -305 -41 344 -705 575 495 121 -86 -95 30 -469 -29 45 -641
-100 449 -302 -295 -230 194 818 397 527 -446 -328 -93 -66 -12 -468 231 132 118 -99 574 -684 -33 -61 68 12 -197 -367 -76 160 -249 394 -589 -383 -215 -403 -532 570 302 168 -195 -140 -49 1151 -308 -180 -115 357 604 217 -435 382 -626 139 630 -456 315 -163 399 -245 129 -146 398 -511 189 788 214 -471 250 531 377 181 -148 142 588 -111 761 -1 -897 149 -580 707 189 -299 -312 -4 -279 -417 -661 -306 -613 720 145 -154 280 549 -239 475 -54 237 -270
-486 134 380 117 -444 -2 708 189 385 -608 42 76 -518 1111 28 -635 -145 -115 -216 -308 530 535 158 354 57 193 -111 -157 -7 -91 254 -66 164 399 -378 289 -45 192 -90 136 163 601 -267 -59 160 -230 -145 -557 -369 -342 7 -359 -39 301 -211 -508 533 -169 159 -592 453 -381 -183 407 176 -489 -600 0 42 285 -140 -640 432 -526 -744 -296 -123 117 -838 -28 -438 -751 265 -217 84 24 476 309 321 -213 -163 -214 -1121 779 -346 156 -403 -161 -479 -486
-61 504 -148 6 -95 -510 388 255 -64 235 242 -396 1211 202 153 -577 759 -329 -101 -98 156 17 36 -175 -40 -24 -164 403 -158 453 -467 255 245 -20 -540 -77 323 292 -158 359 -222 -238 -54 148 66 -409 150 137 57 -3 -877 273 178 -384 -158 -231 420 282 -106 -781 462 203 56 265 -222 3 -746 441 -110 -387 -182 135 696 46 -667 304 -161 -304 -150 -66 219 348 -994 81 171 -102 486 199 56 -101 -301 202 -263 -141 96 5 235 -242 -511 238
-162 672 -473 -7 333 69 60 20 46 -316 -448 -103 -118 329 -136 -378 423 -189 -621 -6 -352 -76 -295 393 497 251 -154 69 211 442 -288 -120 229 132 340 27 399 -291 -71 224 799 854 459 256 194 233 93 -185 522 -143 471 -213 -153 -17 -97 293 -172 538 89 552 530 478 73 -48 127 -209 -969 -539 -363 -753 -221 139 143 755 -59 -176 -216 -47 -395 -611 433 432 -303 296 133 910 66 333 -196 351 215 -65 -500 -14 15 78 227 46 -486 841
-91 103 -60 61 207 -445 -190 -315 -23 -572 22 101 357 300 -436 -186 84 446 382 -335 -410 -42 -45 236 -298 -134 -53 712 509 325 99 -698 -567 -374 153 387 -302 -197 37 547 11 355 151 -228 71 80 266 477 197 169 348 452 653 -408 -420 407 -23 60 -102 -340 377 -259 -65 -238 478 163 -299 -156 420 -467 -188 -317 51 -33 -425 -250 -393 626 -180 -283 40 -461 333 462 145 -64 37 -244 389 238 -303 -370 71 -23 -29 -24 -279 178 73 -46
-169 -578 -122 363 314 237 697 -114 -60 222 -204 -552 -719 -187 -163 -129 353 86 -77 -4 -253 -44 63 -307 537 -395 -511 -1 168 -951 48 216 -297 118 225 -162 -118 106 -625 -43 696 580 769 -204 -948 -399 -81 -127 322 -17 -43 118 541 -134 -138 244 -7 167 87 -135 62 -260 87 498 -276 -11 22 71 318 -445 81 441 -243 -489 367 144 442 -79 -153 66 -432 -179 -84 -288 275 -111 -310 340 -70 -194 -125 -83 -58 -118 151 40 -499 -81 142 -130
260 -305 -155 226 -441 435 -198 115 -234 188 37 -132 131 193 116 115 258 436 274 612 143 -33 752 -149 -839 334 486 341 -246 -455 -262 -61 117 -343 188 -232 497 158 -200 -55 6 174 -31 549 175 318 -253 491 -241 -664 -511 -633 -235 95 -32 -326 376 -365 -454 -172 -193 61 -268 -248 -120 138 -223 -181 -295 -119 -256 -426 -173 -85 -293 110 155 82 340 -11 -195 589 -64 305 139 64 497 -154 3 -64 -642 -848 -123 472 474 239 80 433 246 393
-122 429 -72 268 -72 237 -586 170 -337 -72 251 -9 2 144 -128 542 92 354 217 109 210 -747 9 137 -772 -334 -90 -133 -75 311 -62 -209 0 -321 -698 -256 -420 -84 238 14 -720 -98 -479 545 -279 -85 49 -3 380 79 25 -235 314 424 -661 157 -110 577 3 -67 488 421 -827 10 11 95 189 155 -773 -613 -304 -337 -20 -185 -110 416 -132 465 -153 -261 85 227 177 604 -523 -110 329 74 743 -643 -369 -579 85 -226 -650 308 -271 140 125 384
128 -340 -262 -639 276 -846 153 315 396 -590 -594 298 868 -154 -119 -109 -505 623 -605 -323 -430 -85 -160 -415 20 70 78 -402 73 514 468 -553 39 38 -109 -321 -245 668 373 -140 248 10 37 -214 -70 -243 -678 354 541 -57 -180 -201 855 -30 186 339 835 -118 87 8 8 -549 -97 465 -14 -323 -629 -225 361 -443 -333 208 -282 -60 -47 -2 -274 68 15 -291 -576 -396 -33 -209 695 294 190 124 276 -170 436 128 9 -145 123 282 -344 -526 691 -246
-88 409 20 -73 -22 526 533 263 188 -243 487 166 -155 620 32 129 -435 -504 -158 -825 -415 33 388 8 303 -222 101 113 532 235 253 474 149 703 -511 -97 285 358 25 -291 129 -150 316 -131 -176 -334 15 277 -113 -595 297 -12 -791 -246 287 -360 66 -382 486 -90 185 -326 -69 155 339 -220 159 728 -137 16 61 -636 -164 -3 34 406 -558 -107 -563 36 149 97 522 242 528 -60 754 214 105 319 -478 -10 -268 420 -452 167 77 -382 103 337
-164 -617 757 -246 427 -416 148 408 -620 -829 109 -65 259 301 -19 51 -194 -784 -427 222 -316 391 -202 -256 590 -407 -414 183 789 -256 335 -262 -305 35 96 -223 -359 80 358 104 371 181 -122 -517 204 182 -257 373 -808 129 92 -156 -17 241 347 787 -396 -30 1 333 -307 -342 311 141 7 39 204 261 307 88 97 -90 231 -444 232 -177 188 106 -544 624 416 -752 -371 -230 104 -722 -522 143 48 225 356 554 281 -234 188 -77 -556 92 138 -839
514 -124 -429 543 -238 242 -665 178 -232 29 215 -538 -315 -1 276 245 197 77 269 406 389 142 117 5 -186 -269 34 218 460 -409 -93 -657 75 -408 783 -32 690 -182 -329 188 -293 668 423 994 -444 -281 136 261 261 -403 -190 -698 63 76 -32 -326 -28 186 -673 617 -64 -466 200 -480 13 430 62 80 -505 32 184 -279 -89 89 -184 -343 405 439 -624 156 542 13 414 249 -112 288 184 70 -49 257 -721 -595 -327 646 55 -247 -201 863 286 -59
260 266 180 -315 298 -351 -121 -212 72 -634 -603 174 178 130 140 -46 -46 205 -173 -40 -68 225 -355 247 -243 -83 290 -107 88 -713 -223 -714 -77 -278 235 -200 158 436 181 207 12 -177 -144 -56 316 616 95 222 -168 201 275 -1 -554 135 3 169 -741 -453 240 -88 -129 -62 -89 -244 66 -345 -384 -279 556 -598 -410 -59 -291 278 -169 76 1021 261 611 -232 -154 373 251 369 -339 -239 367 -579 413 -540 -452 -96 -461 -466 349 -78 -564 -252 -253 16
119 30 -184 -426 216 192 -262 -91 -108 -228 -227 -571 57 392 -311 21 -42 140 481 -157 -140 172 -176 139 39 47 275 -52 -155 -214 358 460 -266 -299 -334 -98 -540 325 -107 -135 320 338 184 20 -178 -355 320 351 -88 -151 -64 125 355 -325 186 -310 418 273 -70 -188 -83 -131 327 -28 355 -39 -278 -156 -582 -573 -352 -238 -587 -122 -576 31 -325 656 102 213 -375 310 -273 -76 119 453 362 294 647 -402 -356 189 214 330 311 248 -353 22 -277 20
-98 -468 488 -120 -77 -208 -1070 317 101 -1203 -81 -156 -331 -264 299 -107 -293 -351 444 15 67 -119 -206 -248 660 574 -95 -29 -215 748 227 -62 -40 517 226 266 -17 92 718 -81 80 415 -492 253 -474 -378 388 -468 713 -699 487 -9 683 -137 -120 66 -830 32 644 1075 -137 170 -139 -581 304 4 -70 -32 -352 -454 440 -503 107 -602 369 -262 344 723 -303 -200 -99 -367 -230 -143 148 -29 614 -67 -361 -348 -766 -91 -716 156 -158 714 -289 -482 68 549
-65 101 -132 58 -7 -129 657 -314 1 162 -125 136 -8 -276 -313 -292 -253 -214 7 179 -227 -316 -415 -104 -31 52 233 -69 185 304 552 440 -192 -282 -219 -130 572 102 454 -476 -568 -237 -319 -167 -301 182 79 278 261 82 -438 -383 -132 379 -120 -233 -63 -47 -51 -37 330 202 230 -430 -98 -202 -61 110 -280 447 -90 -88 -16 35 -322 158 -105 -468 231 479 24 260 -525 -659 331 -117 -313 -439 259 -295 432 332 -6 269 -581 471 -93 130 201 -458
-55 -105 -21 472 -304 -339 313 465 -289 -258 203 -144 -943 -123 -230 -349 -117 423 -262 -370 235 -728 666 208 -30 -240 -369 -605 56 293 -686 119 543 -29 -485 108 224 533 -88 -90 -169 -28 197 577 -121 497 -108 207 187 -12 47 61 409 151 -433 -33 58 -476 48 605 245 453 -114 -600 368 -146 185 42 -111 148 -99 -245 -318 -222 32 485 191 -235 229 -440 -473 -46 225 -302 -566 -212 -415 -182 -544 -572 -639 -122 -503 679 19 432 -298 100 238 60
-66 -75 405 369 253 -112 -561 -230 -64 34 -277 184 -820 -86 342 -491 777 385 155 -285 -193 262 476 16 -157 324 217 -101 68 479 187 249 215 -425 89 -56 -473 -169 -501 955 -88 214 95 492 128 736 251 -188 129 239 -245 -194 161 85 615 -145 -538 413 -160 145 206 -58 -219 -187 -61 -289 -254 -1013 236 -80 18 -623 773 91 -438 -238 740 -12 372 347 625 225 -9 528 -270 -305 -95 -138 -316 307 -560 -173 -319 -401 60 -672 76 -53 -121 -157
-824 -196 4 911 155 -92 -157 -197 -348 -297 727 373 459 -498 388 -239 -417 502 178 22 250 -521 99 379 -485 -842 -698 142 163 694 -67 310 448 20 147 -185 268 194 76 295 133 691 399 -218 503 -225 -127 521 299 42 194 -250 -234 -389 -392 153 227 509 401 -422 -10 156 426 466 -144 251 -324 352 1257 316 -267 -175 215 586 116 -153 -675 -93 591 -45 -248 -381 75 -444 -400 390 4 468 -422 353 -135 306 509 -3 2 -435 126 136 442 -149
-568 163 -126 -1223 777 367 25 434 -314 -205 -108 -545 410 -373 -436 122 -261 -79 174 -156 -666 -68 -171 -243 388 -198 -83 210 562 72 -434 236 109 -119 376 292 -200 -290 -260 -525 -324 618 260 -176 -29 -300 314 -333 420 66 -112 322 667 -746 -274 538 -286 765 -17 389 40 482 -110 414 -70 94 -242 -538 -469 -876 805 30 -490 489 103 290 -461 -302 162 3 130 -641 -173 756 418 280 344 -137 9 -13 221 396 -162 41 302 -15 -558 -212 163 99
-99 565 99 -210 529 329 -178 -384 137 -662 89 194 39 -117 156 -344 -57 365 -854 -84 -287 729 104 177 -211 -115 -33 686 687 -671 317 -545 -618 610 753 126 -58 -591 374 -211 905 666 -68 -328 414 -217 -591 -336 -210 -825 408 -320 -574 262 246 132 297 -83 193 -1092 293 -322 199 -125 -529 -300 -683 295 403 215 -46 -137 -290 204 -315 -150 -238 -646 -119 352 -114 660 -455 96 704 654 -384 254 -668 204 -381 687 -539 617 291 -230 293 -86 -115 -467
314 -109 103 295 -274 -201 684 60 664 -67 244 -364 545 266 -238 -757 148 -121 305 -409 44 26 383 697 191 918 -31 -471 214 109 1030 -527 -199 228 -234 357 827 339 407 -209 -95 -47 495 284 -516 -596 -164 537 461 -218 -690 144 182 -870 -311 -750 -476 119 846 -255 385 238 -737 473 -116 -375 -552 486 -20 -214 259 -260 271 31 673 200 -47 -580 -303 122 172 436 31 -135 -57 -32 -555 189 -223 101 90 398 -845 -25 530 -290 276 -671 304 -268
559 -598 -94 312 185 -521 -477 -250 159 -205 163 -102 -146 394 -519 18 438 17 -261 59 -189 499 -425 -511 633 -323 91 40 85 -832 -655 27 268 104 28 -45 -123 95 -210 -382 193 606 -336 -107 -482 -197 -268 -442 283 -186 34 336 -447 356 971 -225 379 -115 375 -48 -859 132 279 574 58 236 155 129 103 167 324 -816 165 -184 475 -762 649 392 -252 -11 44 274 -606 -66 -206 108 -40 82 322 378 -538 173 563 892 872 788 686 443 -164 274
-146 -54 -359 106 -396 -94 -501 20 -157 144 458 -202 256 -668 262 559 -446 -214 632 296 9 294 -134 -102 -502 15 -615 153 406 18 346 -35 -479 335 -34 -710 -66 436 417 358 -103 -569 -660 -453 -56 -67 -189 105 -285 536 245 261 306 -504 -186 -174 -554 -236 449 501 -174 -107 -104 143 60 5 867 718 74 433 142 -50 -122 -751 17 -21 -185 273 167 431 384 -325 505 -63 325 -319 -470 69 133 97 -451 574 218 -576 354 127 338 -395 -32 -641
252 500 -107 180 24 555 332 -718 671 159 76 166 -679 -332 -155 -499 332 560 -7 113 -548 109 365 308 64 -8 265 82 -523 -204 -708 231 -716 348 336 631 340 -236 -361 -70 -235 190 135 -63 367 382 485 -783 -368 -236 267 -256 -167 -385 -516 -289 -390 -137 -271 -413 256 -103 -60 -341 351 414 343 -396 133 745 323 -100 -233 430 -493 766 409 -614 129 94 671 532 96 -265 -192 215 -101 -471 -296 -91 270 -440 -966 504 -622 -551 389 -108 -320 -177
174 350 -145 293 -40 91 -404 -252 229 292 -304 69 -501 -356 415 46 -547 236 3 1 65 266 -90 264 -461 -391 87 174 390 102 -164 -752 419 -310 558 -19 627 166 -70 -12 699 101 -63 249 -29 -427 404 220 -365 12 128 -481 -34 462 -35 -393 750 -356 -299 271 -3 -727 327 -508 -253 -262 -244 -338 27 348 -292 382 -250 113 478 278 81 -187 435 -674 105 -227 609 -1120 -93 391 -54 101 -241 420 68 -342 323 -410 -225 139 -389 461 410 148
478 -291 -450 200 -583 20 236 0 -664 -275 674 102 -16 407 -435 112 -315 -272 -717 245 -155 0 -14 509 340 -60 57 237 227 73 217 -133 372 277 527 513 369 -202 -284 -154 -224 -91 644 893 -78 48 144 -498 107 -144 39 -198 -48 -554 -153 -657 -216 274 -78 60 22 -317 -194 -425 450 415 -148 -207 127 474 -268 -207 72 525 -269 -230 -267 -64 -389 499 -230 -486 123 399 77 -71 -182 42 -171 500 -269 61 -207 115 -193 223 384 -327 -13 -117
-3 -670 -97 219 473 -353 109 210 -103 -134 395 157 529 233 -479 -312 -255 235 -273 -90 -203 -268 -391 515 322 248 540 168 147 -29 -93 73 -87 -272 350 -154 418 -256 60 230 254 366 506 427 -329 -364 -427 221 -84 -105 -363 188 -2 -239 590 -212 431 248 -155 101 64 -350 -290 227 -642 -191 -494 -226 232 255 -82 -227 6 345 -189 -447 558 265 551 666 289 -22 146 -294 -680 -141 -429 -242 5 1052 -254 207 251 95 -493 -347 -74 304 312 53
-556 -75 487 178 110 125 -358 -306 637 -409 -266 59 56 -504 193 -513 -158 -133 29 -277 22 -486 101 96 1004 665 -489 -28 683 -155 -141 527 -158 906 138 217 509 154 -655 -143 13 -163 45 148 -243 -776 410 -368 391 -645 -105 466 465 -221 228 -15 507 -376 536 578 480 169 377 293 -242 -573 21 450 -884 -96 -6 329 -19 200 334 451 105 -181 -127 -97 264 144 458 -1090 -559 -366 -242 114 -259 -540 -25 277 -784 225 -20 492 287 511 -229 -204
140 -296 -444 -1172 -200 272 -930 -97 567 418 -552 212 149 -556 -45 -67 -112 -791 -19 150 -110 252 -343 -377 103 234 29 400 -490 -290 -561 -857 708 72 -186 -64 -301 196 645 -487 -90 91 -686 -420 -200 24 -6 263 -91 -530 -465 414 272 283 -279 78 -2 574 553 -392 -512 226 613 34 -771 -174 136 -11 -87 -168 400 -247 -644 -208 -257 578 117 47 -47 -71 -102 235 117 290 -115 411 291 666 363 222 -360 -738 301 -472 -246 409 -441 -571 210 255
-198 580 -797 -27 464 -41 -48 -48 -566 -490 -64 385 -197 343 264 106 3 461 4 -345 -475 -137 577 623 563 603 -188 206 -140 -502 -481 227 -495 -19 -30 183 -414 -261 367 220 29 452 142 -482 355 416 -419 54 444 -586 -349 80 89 310 -409 61 -308 548 327 -6 41 832 -438 -469 291 -233 -473 -545 -269 -54 582 249 -113 -205 177 -362 -257 68 -73 117 -987 1077 607 511 260 197 -152 345 -303 -972 -115 366 -319 615 1042 -117 -234 -21 -15 255
45 158 836 28 -304 -566 -124 260 -68 -170 -432 30 -34 -155 205 -498 -234 47 690 -253 130 413 578 519 -44 -134 -124 -413 144 91 112 122 672 -240 -461 7 625 -60 -120 186 -181 -347 -275 593 255 100 767 -102 516 349 -184 459 -9 -537 85 -363 -259 18 262 201 312 9 110 337 -38 268 -193 11 467 -249 -229 230 580 18 -114 -319 -191 -513 417 38 303 95 -317 -585 -928 68 423 -71 -221 -205 -358 -235 70 -237 -195 -143 -192 -411 -466 585
48 -512 112 100 -661 447 358 263 324 467 652 208 -182 -252 207 -305 -561 -108 193 444 -328 -72 -377 420 -116 -855 201 -93 -15 -509 -237 447 -376 -279 -167 125 57 -87 -281 234 639 -282 -414 -244 -116 -859 -107 541 -81 -178 -38 -327 -295 274 135 266 386 -310 73 342 -191 218 376 333 -528 482 -534 116 -619 -178 164 152 -144 274 263 265 -213 130 -86 -443 -27 49 -54 -228 180 -201 139 117 560 8 552 291 321 -150 -435 532 149 -191 -11 -225
96 -113 653 -37 300 -65 -412 -477 44 752 -734 276 -244 17 1000 -238 -378 730 -42 -312 -150 -132 -224 -100 65 94 -89 -130 -277 176 -309 762 67 -565 530 -10 -172 185 -46 159 602 -297 78 -67 542 -209 58 13 -346 558 -347 -748 400 -462 140 98 550 -326 -123 -207 163 -248 70 -381 -135 288 60 9 -256 -125 53 22 -129 432 -262 322 252 -731 189 -108 440 -304 38 -367 -369 86 181 313 -340 -286 828 47 -668 -138 -226 -182 436 137 168 -240
-521 -203 -5 39 140 954 163 375 -159 -85 145 187 7 -57 318 198 245 512 112 -35 28 -226 700 -147 70 -135 -167 228 -432 170 292 -565 847 -414 943 22 51 539 -388 -48 176 -403 511 79 122 48 -540 131 -340 -49 50 -295 62 -349 -950 162 123 -200 93 -195 -498 -463 361 149 -59 537 -689 -236 696 -408 417 527 -271 313 -463 239 13 49 -154 -65 -11 -460 109 -337 -138 585 325 92 -743 74 114 6 -305 220 -670 -891 45 -311 -42 -17
417 445 161 108 -138 -236 211 -195 -611 200 -107 -242 -293 -148 340 -293 596 515 -115 -575 -112 223 96 -104 -135 -241 444 -62 -48 151 -561 197 234 -115 375 -493 445 68 -809 258 433 -435 328 203 402 -110 -282 -529 -138 200 254 -183 163 9 223 -360 -358 104 -349 352 251 -92 511 -520 -338 338 -166 -194 159 416 -122 217 -54 485 -594 295 375 -368 -73 225 -110 -276 227 -420 -322 -286 159 69 -262 43 -147 -78 102 394 -354 -612 209 -232 -198 38
-502 -69 -84 127 198 287 -406 869 -344 -404 -76 664 -441 16 -127 602 -86 -438 -288 -9 309 -368 4 -89 357 -409 -108 220 642 -302 44 -207 712 -123 259 -597 -322 283 181 -21 1051 205 -165 -395 -447 -257 177 -26 -101 -110 763 392 49 431 -312 345 207 -82 1337 910 -773 116 844 629 -527 -541 -367 -526 -128 -799 -349 -362 75 -46 0 -201 280 465 -808 -227 115 126 -311 -900 -431 -23 20 640 281 -536 -427 -531 1104 5 -732 317 -491 93 -781 371
288 -209 -306 451 -292 -506 60 -467 -696 119 -74 -25 -256 -62 22 -196 -130 -325 123 -69 -102 570 67 582 47 -36 162 1 -194 -271 -87 310 192 102 -41 306 33 -187 228 -630 -35 -129 -390 155 68 614 -190 -548 -211 -75 -173 -33 -630 -270 -235 -531 355 216 -160 -511 -365 149 -124 -177 -147 260 -151 165 -170 -315 -248 -86 -650 315 395 -43 -412 498 88 117 -379 394 -103 -357 -216 150 -551 183 527 38 -366 158 167 -74 162 -58 358 -192 -513 -166
-513 -546 209 139 272 335 606 -398 -249 -8 7 -471 256 -452 -37 526 2 -598 296 26 386 -295 373 -294 330 -435 -42 208 127 -538 -220 120 -65 348 79 692 -536 215 31 -437 -386 -46 -612 -357 -459 227 -285 -398 -622 273 -307 -465 218 185 -1123 114 115 -341 272 -295 -215 181 -74 40 536 245 282 -123 -360 9 643 280 -665 -261 173 483 -299 -475 19 -323 -282 -372 329 440 357 73 315 -11 418 -286 722 33 -772 -263 -225 145 -435 -60 -158 -589
420 -647 -50 406 -605 319 0 -148 -455 -286 735 287 -454 553 452 -164 -307 76 -190 572 -865 227 150 383 -310 -153 60 -50 100 -238 274 856 -336 -41 -247 -170 419 -760 -66 445 -239 -207 155 432 25 -374 -181 255 -305 -184 -275 -511 54 -81 111 -419 299 -82 -390 -614 -90 -626 -462 128 337 244 582 420 238 94 -663 -238 -393 -93 270 -451 -164 983 -322 204 45 604 202 -180 -148 -675 -518 79 242 -108 58 1116 331 -828 -8 317 357 -401 444 254
448 -524 -351 -410 -281 -91 -307 140 -33 -575 -490 -425 492 -465 -115 500 422 -599 5 614 -64 -176 -761 121 193 -7 120 -12 -244 197 283 -199 119 599 44 287 -199 388 459 84 -305 -866 164 341 -257 -398 162 -321 231 -181 -198 -133 306 -370 -185 -305 100 -144 36 -28 360 -288 -45 -176 -390 -504 73 404 266 -266 -805 -4 -211 -299 -104 287 -593 328 320 -484 -4 -17 -79 -19 87 -17 -151 61 -197 -165 351 243 -513 -646 466 449 -50 -88 550 -173
648 272 111 -413 -484 91 396 96 -173 362 -265 688 309 325 89 -259 694 -128 39 209 244 -492 413 434 146 30 73 507 51 -1086 336 -537 3 -202 59 -284 488 224 -127 -213 17 -1138 440 -747 46 240 -651 225 249 -269 -120 -147 297 130 -197 -137 96 289 -76 -775 -238 95 -371 144 163 302 -393 -287 -120 695 -454 -194 -655 56 -655 332 -41 -10 -190 -787 -205 -264 -221 323 107 -35 -22 -45 -48 -30 617 -51 206 -229 225 -736 -86 180 -382 -279
-59 135 453 203 113 468 186 232 342 -54 295 -133 144 -124 -323 164 -29 -79 -378 511 213 -116 -951 353 -18 -997 -54 375 -512 -419 -90 -61 -58 371 221 -96 -535 719 901 -156 703 203 322 277 -175 -346 -252 234 226 -95 386 -222 76 63 -318 297 67 51 -325 82 -586 219 416 501 -647 -4 -210 -429 537 -434 98 -187 -361 359 864 441 67 460 348 -335 46 -203 -384 -285 122 309 -479 -76 408 547 193 -140 976 -567 -171 393 -95 -317 178 -317
79 331 -727 -419 -291 -53 -3 167 -239 -458 -250 -84 -212 23 -162 80 -23 336 173 -393 -1182 -105 117 -167 -417 194 -123 339 -463 46 46 -258 125 235 194 -210 461 95 323 -128 13 23 -233 433 187 49 336 -216 -400 174 378 371 619 -207 -507 -15 -245 6 479 -125 -303 -403 -78 110 151 333 389 -359 25 391 -133 -689 106 -60 -200 80 -91 47 -103 -341 8 -90 173 -247 1 148 74 -517 48 170 -362 -279 51 -315 -49 293 120 -690 519 -30
-380 93 311 -17 164 235 734 245 696 104 343 -172 -284 -375 162 -353 744 -148 758 -143 322 -435 -395 -182 225 -51 -230 -403 -610 42 -68 -89 -80 237 -245 137 168 416 189 -411 235 -205 -181 -512 -125 271 -289 -450 81 637 404 454 -8 -19 -173 -155 -584 -42 410 -269 -359 201 -305 825 -569 -261 -146 45 183 430 -547 -1061 -94 -84 -231 -206 94 623 -155 -338 316 -60 -251 -430 -427 415 -170 47 -555 92 175 -585 74 322 -537 -545 -517 221 -317 -369
-449 555 85 412 836 399 91 313 -437 -114 407 -546 -109 474 -443 -350 -239 -179 63 -158 252 6 274 -539 -300 322 -414 -128 1 488 489 734 609 382 121 -536 227 537 551 -735 340 679 236 229 455 195 -88 -123 72 -324 664 107 404 -211 90 92 245 323 -121 29 115 -254 487 84 279 224 -67 -242 -196 127 -74 -294 390 -369 -224 11 -527 -117 -137 118 505 -367 -384 -400 122 213 251 335 -309 -117 -321 151 476 541 -166 -277 -630 209 -2 569
-188 634 282 -228 -106 -277 837 -568 370 80 -435 389 -343 232 76 -418 -279 353 44 279 -843 -300 557 -213 -630 348 -486 -859 -401 -26 -34 736 -459 -364 -881 -44 118 195 -463 858 -162 -98 -661 -754 355 574 -3 525 -154 325 -243 149 -125 243 149 459 106 -355 -36 204 192 169 109 -378 215 -463 110 -175 215 755 -181 55 43 -1058 -551 389 -448 83 39 123 -473 -14 -187 -828 420 -1292 421 -159 247 -717 694 109 -407 -329 353 259 29 -67 448 309
7 176 -91 231 254 -602 542 391 -370 539 315 -167 331 39 -374 294 858 854 99 -809 597 16 747 266 -1207 242 -114 465 -94 542 408 -245 -319 -247 -98 180 -880 -280 301 -129 23 118 38 -131 266 676 -819 -486 -477 602 -558 -123 241 -204 54 484 25 -192 -350 -572 254 66 -364 -391 1 -176 162 -152 -103 564 227 345 -63 -334 -406 -148 63 91 239 557 -42 -396 74 947 283 160 -330 407 223 783 -311 -1014 97 269 -580 -1135 -368 252 249 -331
463 243 -353 -810 87 -177 -156 -414 269 -646 -530 11 50 32 -931 4 -201 -335 -228 396 -289 -517 130 -473 8 -379 619 76 362 -165 131 162 -34 70 -370 -191 656 -15 -536 -232 383 149 521 -545 -36 263 392 55 -363 -300 243 215 293 73 11 -113 -564 -508 -521 -54 598 -322 376 -374 -504 -213 236 -149 -332 875 -470 379 -86 -249 -500 249 -408 -189 36 -245 470 395 1 -186 -75 35 -811 10 -113 133 48 647 362 -159 -210 -277 -578 443 369 32
-789 -57 -483 431 -112 354 456 -421 -24 640 63 -458 72 -933 -170 -443 -132 722 399 390 796 -371 -315 -445 -30 -894 436 -661 -6 220 92 190 316 -472 -841 -364 -191 540 25 -180 -803 -68 -377 -336 -152 262 -536 399 606 56 -20 -13 81 975 -263 -565 125 796 -187 85 164 407 334 304 -339 173 -350 99 -30 -205 -240 -241 56 160 -302 826 -82 -444 417 475 -580 574 -75 -286 270 -186 381 602 335 -34 -198 -93 546 231 97 294 -28 183 242 470
