Matrix size: 100x100
Number of threads: 12
Execution time: 0.0167633 seconds
Resulting matrix:
539 -712 -70 -298 39 117 143 211 -4 324 415 -109 245 -329 -453 74 -286 283 -524 348 183 285 -312 -542 -597 -283 -41 170 -84 175 547 -119 -306 -336 43 116 428 263 -647 688 485 -164 463 -103 77 -114 -150 4 211 349 49 -248 165 136 130 303 -292 330 48 -368 -87 -247 374 -374 -426 -329 246 -581 -383 -174 -68 226 100 -48 431 -474 145 390 -537 -715 -486 -195 -248 452 -321 -379 -520 52 -359 138 878 -523 -81 -114 92 77 6 517 -246 354 
-70 -523 1 -163 147 64 460 -8 -31 -117 350 -553 95 -365 -159 184 280 57 -451 -375 -184 -363 422 170 -158 135 313 -304 40 -405 -455 -272 -64 -288 -66 366 -738 262 27 -319 466 270 -58 -311 287 304 -4 -65 400 392 -287 655 -468 426 -69 246 -678 -244 -424 -394 689 -410 -282 333 290 -57 302 333 -454 -141 121 426 -35 339 234 -54 88 -162 96 -262 -106 -322 -680 -618 -95 146 504 155 419 197 615 79 220 -242 -223 507 -231 1067 337 138 
97 -30 -41 -486 -196 216 -313 -126 -226 -667 -1048 -330 -435 -343 -223 34 154 -198 42 139 -90 -91 -475 186 -292 -171 512 -371 44 -324 96 -132 -579 -48 -509 473 641 407 310 -112 -412 -500 113 69 -112 -823 554 -106 -500 -357 215 476 25 -588 -3 425 -986 -58 -280 -561 78 153 177 -123 -175 162 -417 -538 99 290 -5 -34 53 281 1001 -208 313 -82 667 83 -596 -41 -112 -11 301 131 114 -50 294 -190 792 410 589 214 -736 409 -18 200 16 -130 
-596 41 -672 119 30 -554 329 -346 -85 209 143 -8 -306 89 -389 -586 -35 -578 -219 -514 -345 721 410 -632 783 -95 -357 -252 230 -661 45 -363 258 246 584 -418 -375 -188 -418 459 281 -43 274 -359 242 466 520 -426 -342 -451 110 649 16 99 214 -854 333 -290 -340 -691 -127 481 -127 48 407 470 163 -110 -329 608 438 160 -227 -120 120 202 26 -828 119 882 506 -178 -113 -684 46 87 -141 -74 513 360 -761 -24 101 -147 -253 328 223 733 -410 -514 
-256 -348 665 138 257 262 313 -46 -164 212 723 -7 342 625 -632 669 -3 -108 -89 -11 -141 120 513 -82 424 -211 -75 103 -13 -17 11 -430 102 -465 181 -358 -168 441 173 465 -10 -356 78 -314 -375 -493 -233 94 -459 84 -75 -384 -66 247 251 571 423 -117 -19 265 79 -521 22 456 -342 179 31 298 29 -119 -249 62 -24 -249 -44 -498 104 165 -375 11 114 -626 58 -571 97 132 19 437 -222 -912 113 -613 -51 -943 683 -158 -433 443 -147 245 
-201 -269 506 141 -407 -62 154 190 -522 159 140 129 270 299 -338 432 113 -11 742 728 -1293 -448 -745 -135 -72 484 -136 600 -292 -181 256 -286 -139 238 -462 -633 12 171 -526 -446 -110 173 -613 261 135 -113 188 699 367 539 271 -483 316 -296 -846 518 -162 -90 -212 763 287 175 -313 -954 939 -329 -230 307 211 -216 -156 47 61 617 -514 369 244 -202 -580 -112 63 -153 -316 397 -239 584 -157 199 942 -95 757 203 37 162 418 508 -234 128 -353 372 
-297 -439 -165 -623 101 869 363 276 381 338 484 478 624 146 291 -105 -248 269 -19 661 618 423 510 150 194 -120 128 -60 -137 -202 -572 -283 -509 158 -93 -458 182 645 -180 291 99 -364 487 -135 54 -348 456 275 -631 279 -134 -371 134 430 192 235 -629 -437 422 -111 138 213 -125 -107 -468 69 -135 -23 193 208 -86 -781 -239 -183 237 343 146 -178 -284 -90 195 -13 252 -51 12 332 76 36 -471 -412 170 -95 27 -681 -25 -882 121 294 127 554 
368 16 -103 73 -222 84 637 314 -208 -163 -100 123 -256 -264 249 932 -91 -42 551 454 197 66 103 18 -285 -656 217 -553 -126 229 41 -224 -822 531 -131 -276 -624 470 -331 -61 193 296 -300 -304 1 -152 -28 -98 201 154 818 -481 185 110 -169 -127 144 599 -278 113 421 78 98 -853 -149 -339 -161 -271 -194 472 -99 -597 160 -348 415 -151 -687 235 158 424 -360 174 316 375 -372 -574 -113 403 135 -84 111 -214 -568 289 -225 342 -461 103 50 283 
79 556 484 -40 -2 -187 -108 -36 78 636 236 -400 -303 -228 -270 -607 -951 -256 84 -386 -102 84 30 782 183 -39 446 97 839 132 -4 -118 96 364 -72 -202 124 -224 454 -193 -148 14 -299 737 184 74 -360 705 -557 -546 375 444 295 167 -29 -573 516 -257 -1 50 -395 1073 53 -345 43 -53 -48 555 -103 144 190 -131 -49 -87 178 -188 370 -383 28 256 86 -336 274 355 381 281 115 -476 -294 274 -489 264 906 -336 354 72 97 -237 -339 -434 
-437 150 526 105 -216 -249 449 75 -397 197 -585 171 -205 692 -134 -46 78 -554 -79 -123 423 -81 158 726 40 -587 -675 132 -272 -254 -653 -141 -492 -244 110 -706 22 -70 494 -93 -249 252 -76 491 -757 94 392 449 -39 230 -354 443 -48 -607 221 597 530 -432 -45 -77 34 -11 -87 -185 -495 102 -12 -83 -584 11 133 -444 -32 343 212 -117 -306 191 406 170 -133 -611 -290 296 461 346 -568 399 413 189 -1118 -640 216 46 526 -316 335 263 445 -534 
-49 -38 349 -175 -66 604 26 23 -98 51 138 -90 -541 -94 -13 -66 -266 219 133 -57 -4 -168 139 569 58 292 -146 60 183 282 -99 -293 -160 -92 996 290 -104 267 1008 -176 -256 -107 592 87 276 36 213 191 -130 -75 -369 3 -267 -379 305 -227 -470 304 -246 -273 -572 202 -195 -92 -720 15 -429 198 385 -15 -185 441 -103 373 -125 384 -78 109 -320 -142 129 -383 741 -1109 741 -146 -587 207 -20 155 -196 -297 -7 646 688 -412 -208 174 536 395 
14 -298 -257 -175 -289 694 656 342 348 327 -99 370 -168 -102 282 -673 -339 286 -246 329 236 258 533 621 280 -82 59 -436 -46 -892 -434 -244 -291 83 309 -437 51 508 -59 -46 519 21 170 -196 -270 124 425 -156 -275 299 1007 636 280 28 169 139 -172 -170 -296 -276 78 459 62 -363 230 -395 419 88 -334 395 -137 -86 -389 507 213 -204 618 -160 342 766 582 673 -395 -65 706 -99 -6 -156 230 350 -226 -361 565 -64 -103 -509 441 5 362 322 
-343 -521 457 -250 727 399 570 64 -527 507 377 -437 68 -621 1159 -498 -77 880 394 -266 -227 -557 688 -33 699 605 -313 -201 -355 -403 -974 128 192 260 420 -108 -409 851 -249 101 681 -87 -133 420 -341 219 766 -101 -545 294 -10 -211 -719 96 316 258 -10 -87 365 -116 120 -1 -338 98 -139 -332 -20 168 -193 -244 -260 -292 -170 -660 -115 520 161 -729 -260 246 -156 -116 -569 -417 -346 18 118 -169 49 -612 -402 -111 96 -411 144 -372 -12 128 300 173 
-206 -443 172 610 600 -62 45 446 -127 121 78 73 -57 317 -308 99 125 154 -77 176 -385 135 -993 -167 -469 -39 -625 464 -446 -11 911 415 -77 -215 -492 -584 48 -362 -193 -310 -448 101 -114 380 354 -26 -186 666 574 635 144 -514 -43 81 -290 134 248 336 -808 334 161 334 648 -306 4 -499 593 -206 202 23 274 630 -74 570 -129 -36 -232 591 -217 58 -103 53 -401 -31 250 26 -832 41 975 -536 625 135 151 594 168 670 -426 425 -459 -75 
-49 -710 147 415 81 -78 566 142 -319 284 -132 926 147 22 -489 -190 -146 -370 145 -376 1 -284 45 325 51 -489 47 720 -395 506 132 -397 -127 -108 223 146 -29 -80 -377 -217 -583 404 -153 284 551 680 -346 2 419 -335 158 516 -397 -460 412 419 -3 -134 -359 -156 59 660 770 -573 548 168 158 -75 304 396 -209 -269 -390 256 -174 146 -292 -655 212 -274 -283 45 -131 131 751 -284 -262 -511 227 353 -423 888 -413 424 -47 -172 -68 50 -217 316 
494 -13 324 316 -58 -584 218 -165 213 437 75 -470 181 -366 -491 85 -327 -330 -283 -516 -28 -73 -207 254 -382 -153 530 -27 201 395 223 -74 -374 -344 140 520 190 24 -166 -190 -83 234 -90 -204 383 -39 -459 443 503 -386 339 285 -566 9 87 295 -440 22 -342 -660 1 -301 225 97 56 -214 -81 577 -39 150 -386 249 477 4 529 -493 -365 412 -327 -561 -243 -499 -103 344 -370 -304 402 -122 1039 53 869 -142 23 312 136 305 40 64 201 -366 
-224 -256 361 -254 113 -277 -23 403 -183 -335 -214 727 -503 609 -327 134 -43 330 98 27 -1098 443 -123 -301 -55 204 30 327 -520 544 617 122 234 -332 174 92 -150 -2 813 -686 -218 -162 -103 168 20 -448 522 758 485 15 -141 -403 -345 -176 96 228 153 -331 -424 116 -166 20 -72 391 -241 765 -635 -225 370 146 239 -13 -12 575 -785 120 -283 159 201 -141 -63 -35 -47 -266 692 -453 -608 239 557 -1044 -12 388 -348 -146 -11 85 -212 166 -17 99 
-229 310 -642 -546 -243 -456 217 -211 -145 -153 -172 375 150 498 395 907 402 -784 -470 415 522 30 -102 -922 -647 -619 -469 438 -202 -76 288 115 73 -157 -443 73 -152 -639 133 580 298 -569 356 106 -45 -89 -318 73 415 -85 170 -422 28 -161 -98 272 -132 590 102 218 170 -18 -233 84 1001 677 119 -929 482 104 602 -507 -558 -73 14 -48 223 -253 132 32 4 303 503 139 123 -437 -159 249 -517 -50 -444 148 -455 1085 -491 -174 -11 -378 -505 755 
-234 -56 -357 -298 335 -210 -363 233 -467 -94 -101 51 1 37 468 290 180 -375 654 -273 -30 -43 -609 -281 -280 -860 -150 -292 24 70 -179 25 317 317 -515 721 156 179 829 64 -160 -294 180 538 -143 -187 -516 -18 133 176 -528 -192 575 428 -697 88 55 -189 276 180 526 -343 -147 563 92 132 531 -331 -150 242 324 -470 261 -1069 483 -237 144 318 196 63 -251 -184 15 -376 -534 -87 253 213 -362 -337 235 173 -232 795 303 103 462 -379 268 101 
190 -476 333 675 74 -333 271 80 395 509 -73 84 -542 572 -561 -357 -337 -235 -289 -518 -662 72 45 -598 488 -432 130 170 111 243 -20 -88 175 20 -370 -159 400 364 -187 -335 -200 -194 -458 270 111 369 -524 361 -337 -358 -126 162 211 -464 -493 183 154 -327 -294 -272 597 -368 -224 14 -105 200 -64 216 76 -620 -483 -178 386 -41 181 -289 -144 -218 345 188 115 -178 -505 623 287 356 216 -378 307 -840 547 386 -120 98 767 -279 128 481 -585 155 
-543 -144 -247 -196 192 -383 516 4 -84 1058 388 -198 -251 280 320 -463 -350 -323 371 -320 -59 -347 -92 452 303 -603 144 237 -540 313 674 -306 -308 741 161 -575 -10 -453 -647 -168 -261 -98 -102 -105 982 -190 -1 140 -195 -229 434 372 320 61 -17 19 240 -304 636 362 99 83 107 -492 52 -12 -487 507 148 140 978 -152 232 250 -471 -77 309 133 122 -86 146 -168 250 -169 -112 -508 85 -728 281 405 195 -407 18 -135 -236 -17 406 83 470 120 
-152 1049 -449 -132 229 883 -16 63 -408 154 164 393 172 -814 710 -146 -309 117 21 194 656 -25 -284 -115 -304 -197 -196 -239 170 -180 -858 652 144 184 37 13 -248 -576 197 -91 353 -59 -2 526 585 81 463 -5 58 -265 -244 -382 213 54 -93 -273 279 234 275 -63 278 574 -202 -32 -222 63 -682 -163 -105 1099 59 17 -313 -257 263 -13 -220 -17 -337 -81 -337 171 3 -198 -285 -241 246 -26 174 530 -293 557 -88 -32 -89 17 70 -494 267 514 
-645 217 303 165 -741 -123 797 -475 155 296 -208 279 -75 297 179 42 48 12 76 -206 677 177 -85 488 -852 -569 -431 -203 395 -673 841 -6 -217 -64 473 -141 -21 -847 280 355 -408 -159 269 -294 300 13 -379 379 -318 -130 47 93 776 -360 -581 490 917 53 596 464 -555 -16 -189 -287 35 -333 6 -286 -131 -13 -73 18 -336 -383 -487 -465 77 -162 -151 114 -282 345 316 334 407 -606 170 -212 -239 531 -621 -482 48 414 -107 -510 -86 -548 -590 84 
-266 357 457 295 393 185 -172 168 -372 201 30 -331 -308 -267 13 -111 -579 -627 162 573 291 106 124 62 370 177 -498 -67 -82 -307 203 -584 -274 551 289 -457 331 -332 -72 110 -437 490 42 -54 -451 -170 -209 -238 -549 39 -376 64 249 146 368 307 -63 -82 245 83 -564 224 -391 377 159 -201 -491 -8 238 -51 -236 425 37 -135 -190 395 -21 302 -2 578 336 -418 931 318 81 -263 -520 61 552 -134 223 -722 -4 -396 179 235 254 -49 274 -312 
-268 -73 537 -382 -169 -70 929 -92 -340 550 -267 346 -714 279 769 18 245 357 -111 19 -557 -72 -139 -724 316 -474 206 -61 -441 -458 -514 122 268 -453 -37 -35 97 -673 -17 179 453 -307 236 366 188 375 416 112 -115 269 337 -287 297 280 -156 -86 75 486 -145 181 407 418 -98 175 584 408 375 218 -319 272 709 -350 -12 842 -50 162 1 -952 313 192 313 -402 -453 12 -1091 -252 253 -514 -237 0 -205 616 -242 410 -79 -95 110 185 -307 -175 
-521 -266 67 -248 3 608 -189 -35 143 57 95 232 252 -110 -255 -72 290 -114 841 436 351 -134 401 326 -211 -864 -232 22 -294 91 385 -241 69 487 378 -512 101 -482 -234 114 -321 299 -441 -631 138 35 175 -184 -212 -112 -44 745 224 502 151 -288 -115 -168 -69 270 264 153 133 -547 -118 -103 -135 190 33 144 354 -22 213 463 189 -324 -64 -190 -54 13 105 -43 -57 47 -87 -89 -27 -375 -264 692 -272 -277 296 -166 -313 567 477 78 -4 -314 
357 204 -584 -243 -515 1 67 397 -422 -404 -292 -277 -313 248 -276 -161 -114 -211 -222 671 -429 -41 -220 -468 -268 772 360 -33 364 -219 -149 691 -332 72 -126 532 -51 19 -478 212 691 -170 0 510 -161 167 478 -80 -233 -173 121 287 209 -151 -792 531 -202 66 526 -678 299 -64 -970 -9 366 -26 -267 -745 -154 583 69 -320 -507 -412 -92 -112 308 -361 228 161 -540 111 20 862 739 233 479 128 9 -62 -28 -337 639 371 -376 -170 71 -88 -321 -347 
152 909 85 155 -554 -174 -169 274 148 -313 360 221 520 -269 120 467 302 63 -248 -37 144 -63 -188 -89 412 -490 -171 -452 511 896 542 465 -267 277 -600 -639 304 -512 273 494 -398 75 366 -767 104 -529 -299 245 48 -87 1021 149 -351 58 91 -275 -663 282 -197 76 -803 395 -101 -210 776 -388 557 -68 290 245 547 491 201 923 -190 267 582 -362 44 -339 211 274 428 436 -454 81 266 -31 -417 99 413 29 -160 177 -916 364 0 -1004 -2 -646 
-425 192 260 391 148 -307 184 462 669 -94 -114 283 266 -741 533 -831 80 -57 435 385 -5 -330 -80 -148 18 -260 271 -431 -1065 639 110 393 -486 -67 -271 89 -244 -712 -272 104 -186 -114 -474 -62 -171 87 -417 -181 59 162 332 517 101 12 460 130 -258 253 -20 -678 -320 737 248 192 -440 -567 222 -130 61 -127 8 -343 78 338 183 -355 375 -37 -68 83 233 381 38 548 -703 -160 190 -370 490 -287 -268 63 113 -2 50 -274 276 -367 -3 -91 
43 -478 288 473 201 -247 261 -329 239 507 -204 -381 -34 21 91 -40 51 479 -453 -583 -37 -87 95 392 27 283 187 -375 -397 -336 -187 -151 -250 -182 82 111 -51 584 -365 -78 -150 543 426 -23 471 -74 220 -249 -58 464 -452 -437 111 -45 189 290 183 54 184 708 92 17 377 -162 -720 -355 -146 101 -368 -227 -151 309 254 243 30 10 -434 384 -435 -700 -65 158 -263 53 -118 171 -532 -31 673 -192 422 -16 154 -512 390 103 -740 372 -106 -16 
-202 -439 -16 352 167 695 -171 333 -413 -87 161 405 461 -125 890 186 168 402 172 15 195 126 494 203 491 202 675 58 -808 -498 -98 -390 -761 -469 703 -477 -202 -272 350 309 167 383 -199 -401 509 -147 808 196 -239 -481 50 -420 -228 -468 158 187 -231 -311 874 414 160 -136 -185 -171 -145 1 -855 84 -106 -74 -1 -399 292 426 -140 62 -52 479 -514 352 249 176 219 393 265 813 -42 -61 38 -86 -262 53 509 -301 -110 -115 -265 -160 803 470 
460 -194 402 -201 -390 -350 347 527 -613 -246 432 -108 -962 -146 -655 167 -774 85 283 -214 142 -234 -196 483 -185 222 356 337 266 279 -250 278 -178 -93 -628 290 -279 76 -428 -399 43 -161 58 544 228 -58 -743 -210 270 -21 320 -278 138 145 -122 -408 385 519 -293 -103 -537 110 143 -636 276 -357 -130 80 208 79 132 -247 440 -532 613 -284 -39 -46 -192 -86 -237 -35 591 823 -232 -548 -296 -41 -337 20 508 -184 632 -246 -502 178 290 446 -288 206 
-365 -265 811 271 426 -124 -319 -199 756 25 -107 745 -136 129 -871 20 509 64 156 -81 -288 118 274 276 96 140 30 -131 28 840 127 340 -439 376 -284 -635 281 177 -433 -529 -108 536 -906 525 -279 452 -130 -299 325 255 276 756 16 -487 172 590 -211 112 -724 -268 258 -714 -153 -905 -287 77 -169 -156 431 228 251 503 563 217 -154 404 -294 -31 937 83 -230 -198 -335 6 372 -55 -206 -201 -340 14 -30 -78 82 331 -299 498 -599 112 401 -268 
98 -413 -363 139 -226 557 887 -12 -479 337 444 -226 161 -37 -161 -33 -165 -74 492 770 477 823 -358 -122 520 383 404 -35 -800 -211 -322 522 291 457 403 -923 -380 193 -422 348 758 613 401 -438 690 500 44 473 173 -401 290 54 348 387 319 -476 -83 355 212 -715 186 -436 105 -522 58 -146 -86 622 -45 328 307 17 256 -81 -57 261 128 -322 -17 -298 -411 31 380 611 -4 62 -629 -281 507 105 -149 -463 516 -592 87 439 -90 253 314 -99 
90 -26 -112 -357 662 182 198 -338 804 -3 353 346 512 -773 679 101 546 -174 413 983 453 -557 855 -247 88 298 529 383 -622 418 -600 104 173 -169 213 -256 -206 108 -78 -172 -57 -204 405 -265 607 -264 64 189 -44 -275 -65 -72 -222 101 -233 -560 -433 184 262 268 -98 -15 901 220 -913 324 665 912 -73 -289 -383 53 537 -49 -397 -230 -26 359 187 -307 -146 -45 852 82 -477 -6 144 -274 -765 -203 10 -324 -360 -763 -274 -350 574 -288 773 566 
89 -22 -332 -858 -30 237 -54 -447 328 248 -536 228 94 -587 206 266 -124 -178 470 188 269 506 55 -113 -193 5 -103 -177 162 -467 484 139 468 48 200 -131 -330 195 302 23 -414 -79 -229 -354 -33 470 -309 222 411 -404 19 -728 113 922 98 -319 -167 474 -26 356 -366 180 -206 189 -259 -156 -473 -490 -649 135 -132 -295 234 223 -221 -173 102 -94 -65 429 -360 168 176 25 -1 -387 -239 -187 -473 202 -319 -86 607 -367 -139 -637 483 -597 369 310 
-240 315 -218 319 57 -383 512 248 1 226 380 433 -173 131 521 463 524 -697 -174 146 -442 -249 252 79 261 -67 426 -56 -268 60 -416 -519 239 -52 -681 371 -920 285 74 134 -12 119 -263 -45 -333 229 48 610 477 167 -600 488 157 47 -115 -221 19 -154 168 -154 212 50 386 72 -210 -48 413 398 -595 -73 212 -544 183 -94 -384 -922 -38 -287 581 186 201 169 623 354 487 144 -221 -214 -109 -276 -252 104 -340 79 -26 704 990 282 237 247 
140 205 -427 162 -632 -572 376 76 103 -242 37 130 662 -142 -215 243 432 -428 -941 -182 357 -108 397 457 -201 283 634 178 418 49 -90 70 -251 -20 -50 140 0 82 -206 -495 -31 248 100 220 285 812 -613 -330 -142 442 118 766 163 121 98 -67 385 -162 -650 -416 291 -368 288 -746 336 -75 634 636 -112 74 361 555 -220 334 156 -515 -199 411 -365 -109 -130 376 -542 40 244 -377 -67 71 -164 300 104 178 418 -34 -220 528 -273 742 -121 152 
158 205 -669 -757 -115 581 -214 94 -787 148 216 11 784 -1097 -4 -124 -596 -76 -221 23 230 -755 -237 -62 -125 488 -61 69 539 -31 362 68 214 -137 62 424 -213 164 76 -2 -229 -607 -88 91 -621 -526 -368 204 -148 368 -177 -452 -62 98 329 260 -746 -48 -612 -486 -463 133 -313 184 64 -212 338 -506 -191 -353 214 35 -642 135 194 484 574 -427 -700 253 -324 270 -81 -104 -575 275 31 74 110 307 203 135 42 -581 -491 21 72 -34 173 415 
10 -142 113 -263 -98 -109 -152 -36 437 -89 -699 101 473 -50 126 -155 429 189 275 -305 -183 519 252 -44 -92 105 66 455 -4 -347 495 -396 227 -198 591 -10 180 298 -362 234 210 -419 248 352 -368 699 -352 -610 -249 -123 -648 521 -117 316 563 201 -478 -485 -632 -353 205 -33 66 91 -271 -185 -71 -183 12 -707 -651 -229 224 172 -180 375 5 -33 572 -242 -312 -240 -124 135 -13 574 -380 -462 -5 127 -548 79 -228 -424 -122 -11 361 88 679 -471 
-116 -110 -429 132 -79 69 326 -3 -209 45 -23 127 295 -114 -153 135 -114 566 -703 580 589 -568 73 281 599 176 115 466 -537 -622 -82 -21 -117 -27 -37 -395 872 -872 32 114 -234 -223 547 86 120 201 117 -121 -48 123 -553 -689 -241 219 236 -305 -375 100 -106 562 32 118 1114 -123 -152 237 1105 590 -280 -336 328 498 -96 127 -410 275 321 -465 -37 -52 -11 -35 607 -59 -305 168 120 33 32 241 -248 -647 234 -137 -125 -367 115 170 304 -5 
10 -201 32 145 445 192 -725 -372 -59 -548 -26 -124 -159 -159 -185 -707 192 111 -201 399 -9 -185 445 21 911 401 600 -644 71 118 -92 -497 77 336 342 464 253 149 560 106 -594 -85 304 -796 366 -376 20 4 -88 -231 -58 422 7 15 -162 -1017 -229 -644 -63 120 -407 48 383 33 169 151 98 876 -298 -605 -8 610 -274 67 280 6 -184 100 24 213 711 961 -13 -217 166 -136 273 -232 458 146 -180 273 455 -181 -238 297 259 74 -118 -455 
317 52 -451 -505 349 661 129 -585 46 -272 -129 -500 -21 18 -49 -365 -77 -631 -248 619 626 -431 330 -574 -29 149 -174 -57 -87 -439 213 106 387 1145 205 68 -579 312 -149 128 576 -396 -82 307 379 164 -241 515 -48 -581 -505 114 305 580 -106 -105 65 326 229 -241 545 152 -173 -205 -111 82 -468 -130 -68 -527 -25 147 -1049 -261 14 376 389 -616 -301 -378 -326 -588 9 -38 -66 -678 -414 116 -86 450 -185 -52 24 -266 158 -105 121 519 -205 709 
-45 -111 -430 133 386 -49 301 -216 -439 -74 86 305 -235 -105 286 112 116 608 -222 -157 486 -381 -86 -151 -4 -64 -537 12 346 403 -734 80 42 52 -131 65 -159 -45 -281 569 616 -355 -177 608 277 -146 91 -185 93 -113 225 -196 -46 -523 556 114 271 638 -49 -537 62 478 16 -43 -715 -226 85 -186 216 226 420 317 171 -135 217 471 178 330 128 -270 97 456 -38 -303 -267 -498 -71 129 -345 -252 -244 854 -244 78 62 -19 -43 -124 -66 432 
226 -249 257 -272 438 -219 -6 123 -612 218 -90 326 -201 675 -435 47 -122 -26 -279 198 -209 -104 -42 -262 -36 -142 -346 166 -443 -299 490 145 -228 64 70 -228 547 385 372 272 288 -340 -82 643 -871 -296 127 17 75 -73 -105 -96 364 -245 65 665 -602 9 83 -284 -212 -222 -231 720 63 -135 74 -456 627 -14 -648 54 174 235 -22 29 -49 -147 671 371 195 -877 54 -96 404 22 -172 -70 400 321 188 -530 267 388 28 -247 -937 695 -6 120 
-200 -146 187 -231 -19 -281 193 -743 127 2 -56 201 -225 296 -197 -177 608 -1173 -137 40 654 -186 383 -12 14 85 -726 -65 -282 130 157 199 382 247 327 -899 31 -845 138 989 383 17 -273 140 268 35 -485 401 164 -588 -315 350 554 108 86 -46 49 348 -6 511 -101 120 116 365 240 466 358 44 137 -651 248 193 -6 327 24 -162 49 163 347 371 553 -252 947 620 272 -565 -487 12 -475 30 -1022 258 323 -346 146 373 18 -368 -479 134 
300 633 275 -154 29 -503 -326 106 678 -355 -244 73 -828 105 116 -172 -331 608 -38 -205 -515 98 316 264 -483 -336 105 72 46 421 312 160 95 -222 -233 261 14 -90 579 228 122 -633 176 -211 -40 -640 114 13 -295 -30 76 2 298 -688 -362 -334 882 -158 -172 138 -359 -76 -79 81 -386 89 74 -233 494 -752 -531 105 -372 -77 -331 -326 -65 328 402 -406 -167 -154 380 -279 227 -93 130 389 -39 -28 -116 -96 -173 110 -136 -385 -481 -148 -413 -278 
567 506 -39 92 -8 338 -88 -172 -532 244 -41 437 360 -319 -172 -287 -1029 -74 -342 54 -254 -265 -346 14 27 206 -503 471 286 -290 -175 -376 140 88 -420 304 284 202 -79 -268 -400 -385 -191 -201 -92 79 -83 379 -290 -384 -144 -246 257 24 163 473 -252 163 -479 -295 186 722 -690 40 275 -243 -672 127 462 -494 -559 -275 -760 -142 -186 94 283 -90 128 -23 222 -326 1 140 43 571 -383 320 637 -36 364 -35 -240 -38 248 420 95 149 51 -215 
61 -97 172 191 -333 101 117 115 81 109 -23 62 481 -448 -121 -76 -659 -639 -252 -134 -51 155 246 -720 556 363 377 -223 145 -210 254 189 110 255 -291 -894 -304 758 253 -154 68 -248 419 -346 824 -528 -169 69 462 633 399 -407 -6 89 -262 -19 199 53 -123 -151 153 -74 -8 81 157 -690 857 -41 -122 90 461 188 -184 107 0 -94 416 606 -876 -50 49 108 -633 469 193 298 -351 258 -160 -454 611 413 48 -400 151 79 -347 -106 109 496 
28 -336 -81 485 -120 -343 54 366 -244 221 204 -325 -65 -176 271 -629 260 884 165 372 -79 -245 -496 -478 -262 -168 -369 163 -413 -121 565 -289 213 202 321 287 156 -576 -287 -396 234 -60 -29 168 44 352 98 236 -162 142 620 -127 -337 115 38 -543 425 445 8 -268 80 -213 -140 -531 281 -337 118 188 74 58 452 74 -402 -205 4 660 -386 -315 -290 -29 -225 -322 -809 106 -905 -260 -479 264 440 555 -277 -225 32 899 341 -96 476 474 72 -594 
460 106 589 466 372 36 575 -218 -472 601 332 -408 -330 -64 1106 -290 439 363 890 777 -411 -921 121 -104 133 -230 260 -420 -587 765 224 891 184 106 -209 -60 -481 -210 223 -456 261 548 -612 174 -40 329 194 985 569 -146 534 104 -269 99 -468 -405 238 -65 -374 -191 -277 225 86 79 -535 -162 397 288 114 -248 29 -93 217 281 -400 220 -507 167 -175 10 167 160 408 337 26 -236 278 -35 159 254 -477 -23 -166 417 -164 98 154 -263 70 -347 
273 -25 -479 504 -370 397 -372 -224 650 158 617 -483 -1 -430 -24 463 45 -2 -268 386 -296 -614 687 -604 -268 -401 243 -32 100 -361 -207 -290 235 244 91 58 -215 51 40 49 75 -20 -92 -334 611 -45 328 -105 -373 304 224 -2 -537 -68 -589 -261 72 437 151 -179 -63 -171 -742 -255 177 -143 -374 444 -13 -137 -31 364 -546 192 389 -371 -238 298 -530 223 -203 254 432 36 -146 -12 -125 -62 -90 -134 64 -496 -27 443 430 188 2 647 -87 795 
421 108 325 -20 659 284 114 -156 498 -354 -206 -144 -197 -341 8 -552 -346 467 -291 -471 -168 -577 -299 -310 437 -50 451 245 -253 451 -353 80 140 -702 -336 115 810 429 108 -269 -825 34 -183 -478 67 70 -14 -212 114 -555 -4 -241 -458 19 381 -27 -327 -150 -544 -716 176 -228 -296 386 -471 140 -306 75 -101 -392 -346 929 388 551 194 146 -377 -20 274 -1057 -380 -203 -283 -301 276 548 -125 -122 450 -659 910 82 146 -515 -47 141 -379 198 -131 -504 
-215 -705 276 60 812 372 -240 -238 333 -318 195 -392 359 164 725 424 209 860 -220 278 -289 -247 488 635 -67 303 470 99 -55 -324 -159 225 -340 431 -596 709 -229 471 -6 -124 -166 353 -392 167 321 -176 -247 198 133 303 -143 -14 -582 468 -302 6 56 345 651 773 59 198 732 -509 -122 -1050 33 158 220 -60 -134 112 -361 -317 -78 -259 255 244 286 -180 -361 -94 174 -108 354 -37 410 -422 -241 -698 551 -13 567 -339 -103 227 366 -23 31 581 
83 -1101 603 -35 118 -122 266 216 -569 -363 77 292 -5 330 -675 8 115 393 520 -171 -298 19 264 -140 514 112 -446 440 194 160 -232 206 366 180 -186 -432 95 898 -769 -84 246 595 -417 296 513 878 -405 -198 411 463 140 401 -581 144 -147 -199 101 299 -219 697 140 -52 -780 -1067 538 40 -504 466 196 -214 -650 136 42 103 181 626 -30 463 438 -195 460 -242 -276 709 585 -30 -271 -126 104 -219 -204 386 132 -351 -213 182 -434 407 -54 515 
62 437 26 -532 51 -74 26 396 -138 252 846 14 -98 -6 -299 -44 -445 611 714 202 -182 -71 168 188 302 -29 -290 143 -797 482 -434 -130 -341 505 -69 14 -219 -183 -431 2 283 12 -199 331 -209 -44 319 -385 -890 535 -390 -5 -34 196 -280 33 -141 -398 904 -71 205 357 191 -399 39 -134 15 680 -451 355 470 -72 -763 182 -70 -175 379 -147 -146 10 -320 -423 163 16 -229 537 437 457 99 -273 208 201 160 -277 95 -476 650 193 -380 -6 
266 98 -706 -123 -314 261 -538 176 109 -13 -162 -465 368 214 -279 653 192 -482 -248 152 59 -423 -409 -530 -421 331 44 432 646 697 7 273 556 242 53 249 -207 239 -742 -508 160 -290 211 467 139 157 32 216 214 -573 -506 -242 -496 -124 104 114 -64 262 -411 -443 644 -139 329 699 -648 100 398 350 -275 -431 -392 353 -83 440 100 -464 -777 456 -54 -373 -217 -198 459 -348 -174 -98 -857 25 8 137 19 96 -336 -65 189 710 -373 803 -366 347 
381 217 402 -790 104 437 -332 -494 411 -326 -331 -109 -607 -618 -89 311 -48 -480 685 338 -447 -30 -112 -383 -246 118 267 -424 306 474 -598 505 286 356 -322 319 -442 855 -54 -272 333 -471 -313 -146 7 -475 332 244 230 -1123 278 80 -13 79 127 57 -366 -685 -400 -924 106 144 97 299 -303 -259 -469 -390 145 105 -490 -121 -177 -312 -28 -740 -159 260 567 334 -140 -328 621 -416 451 -140 -158 398 344 -100 346 344 -114 -331 -456 255 -324 509 -189 531 
128 402 117 -352 -107 -273 -655 51 511 242 -583 186 -499 437 -294 -62 -367 496 452 58 -467 342 -290 813 -964 258 -618 -125 -224 -4 -368 444 -187 413 112 345 -13 208 539 -366 -501 -197 155 -405 -46 -403 -160 475 388 158 508 53 -98 -450 -146 -480 560 337 500 293 -778 -241 337 252 -299 19 -378 -324 204 76 309 -344 10 -401 206 -808 101 173 369 68 -442 88 -268 23 87 -637 537 115 166 330 -101 -597 278 140 -49 -837 66 8 421 -219 
536 310 -48 177 -302 198 -264 65 58 -375 225 68 214 -316 -97 -100 -124 -114 -256 57 365 -579 -81 175 -156 355 12 137 419 82 455 277 -101 390 -515 16 577 -269 143 -493 -589 -266 63 -246 122 30 -477 -37 90 467 -615 -55 160 -222 -130 685 352 -205 236 469 452 -497 311 -350 -275 -202 121 197 -91 -142 150 856 -616 -121 -150 -47 -199 780 -492 -596 -276 -476 -59 -338 196 -368 47 245 82 -43 556 224 -13 -162 -307 -129 187 170 -116 147 
179 -185 12 -723 188 -230 580 -241 -626 545 -210 -48 199 246 291 51 317 79 -134 469 -8 -505 -116 -23 317 166 -688 -86 -68 227 177 419 -509 -107 657 -431 -275 15 -220 483 52 -21 256 277 -568 270 349 106 369 -524 -301 -239 277 257 535 -31 -467 365 -412 -118 -62 772 559 -117 -472 -506 400 -450 -206 467 -266 -473 326 371 -615 325 -162 -636 68 -132 -69 -668 -264 -168 41 -524 66 65 363 171 -26 -292 -479 260 352 -425 -314 506 -98 -131 
23 506 145 264 107 -378 166 -385 43 -104 375 301 -557 302 -375 -98 288 -229 108 526 -812 446 -126 847 183 -112 -46 -176 500 561 43 503 -382 -88 -790 529 -205 89 508 -714 -503 -184 -898 -87 -365 536 -124 661 540 388 15 315 406 242 -432 -375 68 138 -706 310 -763 600 -352 -380 72 -361 171 -140 51 130 -393 335 630 195 -279 422 -532 -192 331 264 -204 541 -223 24 364 219 632 105 9 148 -30 -315 307 408 -211 72 573 -103 40 -234 
-259 -515 -475 598 248 -79 -271 465 237 -151 -113 -356 -8 -83 326 115 838 498 -415 240 70 -667 313 -135 412 -97 118 53 -408 -266 -715 -15 -723 478 -281 182 -279 -426 -958 -173 362 -49 -405 540 -31 -121 48 -522 -853 46 -5 62 -409 159 -476 -123 520 -62 607 -416 69 -154 386 98 57 -288 -126 318 370 -68 358 404 480 94 204 -105 52 446 -165 -74 -232 377 -107 526 -762 297 678 -39 731 -710 106 -316 474 -132 -185 -176 569 -247 225 -255 
2 1022 -159 -458 -488 38 189 124 236 -136 190 127 -193 162 408 216 -394 -208 140 -1089 145 -239 -671 315 -322 -237 -573 -241 509 396 96 219 284 -32 -37 489 -389 -370 183 -413 -462 -99 -550 -417 -562 278 -750 -317 71 -547 124 -148 558 371 -498 441 425 221 137 -474 169 -173 -672 768 454 -35 -438 -185 120 201 125 -251 439 -621 24 -613 -149 453 163 588 11 110 258 -311 -19 -134 755 -65 -127 149 427 -399 -613 132 -84 -247 204 -372 143 -409 
210 32 344 329 459 -125 353 -100 -104 749 278 598 304 -725 701 -233 -292 178 334 631 325 261 644 -316 -259 137 343 321 -378 800 -54 -21 231 383 -68 33 -46 -53 81 -725 26 703 297 125 619 978 -579 -65 712 281 413 205 -457 335 632 -482 -200 -234 -444 -312 2 -15 633 -136 -255 156 -6 658 -268 145 -61 389 -309 444 -310 -170 -187 470 -232 -525 -27 51 270 228 207 -875 -1020 79 549 459 -210 445 -323 -118 133 -346 43 73 7 630 
-705 104 126 304 807 315 -235 -311 7 -404 408 232 575 168 -223 -496 198 70 -130 -71 339 547 232 -129 537 -53 198 -479 -97 -187 -31 -380 -452 205 441 416 -115 204 746 283 -213 -136 -113 75 339 -180 -38 67 87 -488 -624 291 59 4 350 -231 -813 -126 8 -36 413 95 584 -622 -162 88 -322 152 -124 -347 -556 191 442 -136 -401 354 40 -354 232 -204 83 -32 -493 -507 445 460 -807 -178 161 495 -143 -11 129 302 315 185 127 494 1042 -422 
-288 -360 -75 98 -212 -164 155 248 -12 567 -403 -266 280 -193 -21 1027 73 95 613 375 582 246 228 283 -377 -81 308 -470 -400 242 335 25 -491 35 322 -416 -627 188 -24 144 335 572 500 371 150 -60 -307 -219 666 328 -215 -360 -554 333 359 135 -974 883 -408 108 201 353 437 -501 -595 90 -120 -120 56 344 -518 -222 348 311 69 653 -276 377 -86 -401 -697 -70 416 293 344 -311 -473 467 847 675 171 174 -150 593 85 -312 38 273 489 454 
-292 -65 -4 293 663 -658 -264 17 -304 -475 -107 12 -40 338 -900 64 41 15 -296 147 -42 230 -100 -662 480 188 -388 -283 -145 -686 487 -81 8 0 614 -58 265 151 -61 695 115 342 -193 -304 -511 -423 -53 -114 -129 70 -190 -425 298 170 -294 -284 -495 323 -406 -122 521 -404 -131 33 581 81 210 114 625 348 -512 1370 -116 -714 153 770 -246 142 539 846 486 -116 -210 -50 116 143 681 10 1092 285 97 -116 314 1039 -179 248 -318 303 -1 -191 
-193 321 -252 -235 395 -115 -34 -548 -736 136 624 133 436 492 267 -223 54 232 -514 -390 -852 -173 49 36 468 -393 -352 44 -127 52 -167 -126 19 -766 -192 426 -135 -394 885 -274 -224 214 -324 -588 -479 69 -53 185 226 332 38 216 87 -55 163 37 -41 157 -254 226 41 108 -524 639 325 12 -122 -16 289 13 799 -25 -203 212 373 327 -284 -166 63 716 548 -108 -754 -656 -26 665 781 109 -248 -210 116 -629 -92 164 145 593 -252 -243 96 -540 
478 290 89 -77 1170 575 -251 117 -444 -41 -518 77 820 -484 -79 202 -764 -259 -66 1206 274 64 220 -215 442 575 -38 -195 847 78 -271 234 -455 36 313 -141 424 79 -262 298 273 -58 -149 -311 -64 -50 56 -408 -34 20 -129 -296 318 -18 -29 12 -715 -341 -611 16 20 -25 -174 -457 355 -8 111 -52 361 -4 -395 374 -57 -22 62 560 -176 -55 446 -41 157 -413 369 -14 -703 291 -76 107 218 397 410 -400 -347 -24 83 218 -282 -446 141 -16 
189 189 125 -344 496 -263 -307 -65 480 -731 -95 -589 -226 -275 -52 189 -813 304 -387 2 -285 510 455 -101 -78 -206 384 96 -81 -172 105 -57 -252 385 -469 793 312 361 -14 -156 -411 -327 331 -312 440 -425 225 -440 -188 59 -247 -699 101 185 -252 -163 -75 -99 180 411 45 379 -607 283 67 -132 -675 -416 -362 -97 -660 460 -95 -515 268 -25 323 -78 140 17 -357 -438 -70 -142 -670 -100 146 147 545 -480 594 -410 26 -185 -322 154 -19 -203 345 -570 
-335 -94 145 619 59 246 738 -49 -55 661 -75 -96 -112 654 92 -538 177 -227 276 79 -539 11 59 -293 105 -37 -463 49 -347 -252 -680 -53 42 252 239 -11 -169 284 -381 210 577 -118 352 469 493 747 21 0 27 -267 -309 769 591 194 -348 532 862 -713 258 126 -101 238 -107 100 -219 -82 639 466 -641 718 -111 -517 -406 1 -54 278 -225 -179 -71 -119 230 1113 -571 527 623 69 -65 222 16 -18 -120 -145 -189 -429 777 -308 -197 -107 -438 172 
-152 175 -436 -215 46 -261 32 -2 -542 152 106 -2 -442 154 340 134 139 -353 330 -573 -598 -483 33 -42 423 -519 -176 -530 145 -384 -58 -274 -265 0 -42 -462 66 -48 374 -257 -169 322 249 -326 -310 14 781 -450 -338 -102 385 1132 -19 -107 -153 317 -32 -614 387 -459 262 733 -121 -258 140 172 -25 -456 -324 185 784 -784 -105 116 -220 1 -318 -175 87 849 -30 87 -44 65 388 785 43 245 117 -180 353 -147 -279 570 -308 -85 -267 245 -58 -358 
-377 45 517 -587 -204 244 -61 -228 194 41 -366 -255 -201 83 59 558 161 163 135 224 104 564 19 287 188 -330 -30 -79 -293 332 -169 709 309 -25 211 132 69 17 550 208 157 -227 163 445 -325 157 -170 150 235 147 -816 -17 -238 391 -464 -447 -458 125 -146 654 -75 -44 193 127 -454 -516 572 168 -188 292 -617 -363 261 29 312 355 -503 -167 247 70 -105 -85 -175 -347 -311 558 868 -204 -116 184 -483 200 -184 88 -231 279 182 463 113 -72 
-48 193 117 430 -441 -451 359 -320 856 -129 -111 65 484 328 -21 333 196 -512 -665 -223 204 643 -258 13 -603 -163 178 593 265 297 672 467 239 -623 -154 13 208 48 349 -56 -30 486 -77 139 -264 138 -386 218 263 -249 -263 67 -189 -283 220 90 320 -314 -24 -90 -199 -432 220 377 -241 -244 260 -253 637 370 -560 -323 523 -565 -138 -194 640 53 378 -410 -736 249 252 367 482 420 593 440 -284 -178 -227 -575 -453 -272 15 448 -385 -367 -195 -144 
94 387 -7 -66 -135 -673 257 178 581 -743 457 -129 -820 61 329 -307 482 216 -220 -136 -390 319 -460 199 89 -7 -306 -345 305 217 322 112 -217 425 -388 -94 -44 -241 301 109 96 -732 169 -159 -352 -267 210 114 -627 -166 244 18 93 512 -171 -271 334 -408 -80 -301 -550 95 284 -61 76 -101 -237 200 371 -101 -466 793 76 -90 -287 35 145 -41 -305 153 -455 43 -82 -621 -378 -65 181 185 978 -299 -18 -700 -140 424 89 -510 289 -154 -373 -844 
-73 -69 561 -288 -83 -290 277 -316 452 473 69 390 153 155 -667 359 -262 -271 -5 -125 -212 -97 480 230 -119 212 -213 -108 92 811 549 -16 98 246 -50 -12 176 109 47 55 -638 1222 -460 -97 156 -210 25 1054 450 -192 -314 73 -16 -479 -342 685 -583 -9 49 515 -427 63 -474 -488 152 272 -464 -2 533 -124 321 -82 572 379 -176 -85 -178 -751 33 -26 -3 -358 360 986 -122 -322 131 -138 -305 -166 17 245 -343 103 -349 697 -167 -669 -344 -193 
-367 -637 367 457 -535 -101 -204 118 204 -81 -314 138 -196 378 -172 150 619 68 217 -17 -276 243 -26 363 -178 -62 128 222 248 129 -302 8 -175 -817 -78 179 -228 -145 174 -214 -144 371 -615 98 -786 271 133 -195 -73 276 -100 -293 -345 196 -274 3 545 109 -84 -186 80 -685 414 -393 146 40 -91 -384 488 271 -54 -290 503 -125 -102 -536 -519 664 356 -193 -606 -148 -217 33 682 -121 314 251 35 59 -500 -205 -19 114 355 -384 311 -284 120 -229 
-582 -331 150 -515 310 174 -61 162 246 8 -220 14 -59 -42 -207 -619 -132 337 -272 -517 -171 -723 287 177 -320 -153 -225 142 287 -99 -163 -94 661 -486 665 748 289 406 76 291 -452 -860 -956 350 -108 -110 -217 303 -207 -179 -599 -419 -486 -368 -31 -136 139 274 -358 668 752 -186 -71 36 -702 289 -96 -539 -4 -180 -707 -430 -407 -435 10 -189 -127 -670 32 -292 -269 -332 -605 -398 -219 210 108 -2 -118 -70 -536 132 724 101 243 -710 508 224 -160 227 
465 135 -587 -1001 -508 -346 138 199 -546 429 -149 197 -180 143 -289 240 -10 -692 -524 -110 398 -750 138 387 551 -282 334 -709 715 218 -118 257 -602 91 64 -7 -26 207 -265 47 -558 -286 705 -98 -112 -600 421 -376 -344 -342 343 -93 -82 194 135 -409 -441 118 -207 -571 -358 -19 -399 -222 143 106 8 101 600 91 116 -729 55 196 114 -183 -350 -144 -124 202 260 -189 1019 -346 29 -23 260 -46 -273 179 397 -3 -125 767 -578 -564 -526 485 -224 -68 
32 442 438 -177 -723 497 -184 37 -275 404 192 464 -224 299 -77 197 -200 -297 -524 -573 146 -414 -323 744 1045 151 236 -17 193 273 -613 -397 -368 -259 -741 226 -100 -236 448 -401 -173 -348 -215 -65 -352 270 98 549 76 -783 194 -90 -538 -24 -503 122 -307 -293 323 -595 -210 -170 -293 268 848 270 -248 507 -451 4 -101 -665 427 444 -25 -337 -600 -562 457 -298 -371 -5 -49 449 397 902 259 -131 -282 -83 288 -191 290 -83 -178 -385 377 -627 250 64 
75 -190 37 -369 73 -241 66 -56 -319 -332 -248 -130 -508 384 -796 3 41 502 -26 183 -168 543 -491 67 -444 316 -122 194 -90 359 451 60 585 -468 83 348 424 338 64 278 576 -61 -189 -365 367 28 -369 81 261 138 -371 -262 -2 134 -697 -452 492 32 -434 571 69 -382 -505 -100 -243 683 77 -19 -333 -803 -98 78 344 -21 -109 -107 -206 405 385 -519 126 -309 -74 -72 -11 15 -34 811 218 92 -100 -128 302 -907 126 470 -531 301 -323 -250 
3 264 -181 -88 378 516 -490 -140 4 284 384 104 320 -397 650 176 -508 -604 417 -86 -3 -579 74 -426 650 66 -822 424 603 437 -414 134 210 564 -556 79 -383 217 14 -568 4 -23 -236 -91 -486 413 -145 -158 -470 -664 -520 -352 -220 345 -261 79 -185 -42 71 -131 412 655 -45 336 493 -828 -368 -324 335 -250 248 -517 -333 -715 170 371 223 -326 12 393 439 -628 321 -333 -430 563 144 340 -201 -241 -13 -242 -517 199 443 -277 415 -569 255 519 
-429 -50 218 -87 1059 -257 -152 -108 -292 238 40 274 141 -705 79 -486 -685 18 501 263 46 1 253 -11 87 147 77 392 7 348 -15 -236 79 665 -80 78 223 284 109 -54 -113 -221 158 -348 736 334 -521 -98 540 458 -68 -46 74 632 -69 -478 321 -563 86 -34 -793 239 -204 202 -172 -256 151 508 -44 -642 203 444 179 -66 -307 -48 -158 446 -700 23 391 -332 49 -258 -300 -204 -60 487 41 -85 140 524 -547 16 152 -69 -156 -553 -358 -43 
-77 -326 75 -66 -383 -724 -315 361 248 -149 71 -570 -89 620 -151 586 301 -226 387 38 -463 -433 268 507 -539 -68 329 4 276 333 -181 -310 -307 729 -111 344 -514 766 -634 308 338 -193 -326 600 429 -661 -36 336 371 572 -121 -56 -817 -606 -423 135 393 278 692 834 -113 177 -57 40 -165 45 -233 -233 -196 -255 -404 -351 -110 1 8 -705 239 305 -212 -573 257 109 562 -243 247 -562 229 51 219 46 -444 357 304 225 124 134 299 103 -124 293 
333 221 182 -155 679 143 580 171 -217 -141 -708 83 -622 373 115 146 -107 103 77 -178 824 -338 -651 324 -437 -60 -1444 -61 680 272 -373 797 46 -70 -126 -67 26 -539 -725 89 -53 -225 -666 476 -62 392 -73 210 203 -735 -27 -591 -27 -355 -243 191 641 417 -51 137 132 -200 -838 76 -319 -1 -527 -672 205 -504 -58 -419 264 -373 876 -136 -169 282 836 189 35 -148 724 505 -423 -158 -54 393 409 -600 -183 205 -354 -177 61 -201 64 -180 -667 -178 
-324 -194 217 290 15 328 -131 -286 -23 52 28 106 577 -87 -235 -275 92 193 -284 -301 -62 -206 -71 -662 261 351 191 205 210 -651 -348 -461 641 -245 177 23 83 260 -219 156 570 -48 156 -132 439 -46 -66 260 443 -321 -67 -603 -365 429 418 -402 341 -105 -574 71 467 -218 486 595 -46 -67 165 288 -333 50 655 233 176 -19 424 -235 391 160 -449 -571 396 -189 -803 -446 -345 -173 -231 297 247 220 262 105 -195 -893 431 564 -227 339 78 68 
56 -153 206 408 -68 -879 330 -427 363 280 -263 -667 -220 1177 5 487 181 -244 -95 121 -439 504 -477 -558 -369 -639 -165 202 101 651 114 523 173 -386 -34 -256 10 331 -54 -258 117 923 -170 -224 72 90 -216 -103 -402 -176 410 -13 -69 36 -13 121 600 39 -114 233 63 -18 -201 115 420 660 -116 -447 308 840 -155 -164 -3 384 -67 -202 56 -240 168 -344 -218 210 -366 -140 467 -568 318 363 128 -374 77 -207 -121 329 885 -318 -635 -328 -1042 351 
49 -794 -346 -256 396 570 250 721 -53 130 -103 495 751 -756 224 -264 -384 521 624 643 485 -5 554 -62 -268 334 -236 361 -550 -353 -117 -435 -50 637 -129 -457 -158 281 -169 -585 258 -320 569 -64 252 437 116 719 8 283 157 183 -123 286 506 136 -822 93 -125 -122 310 107 304 -340 -322 420 -532 345 -111 -298 91 374 -294 -26 -82 485 92 -132 -398 -261 -214 -415 -178 91 -310 -423 -173 -206 629 277 -14 587 -111 -225 -438 -711 358 370 921 553 
-414 -146 324 -16 -404 -500 385 188 255 443 -431 -257 -824 206 -99 110 -204 0 -322 33 -292 -388 646 -51 -57 -10 -35 107 136 -375 -103 -963 698 38 543 55 -65 91 173 -177 322 343 -92 52 -464 -135 -84 171 -297 -152 71 566 -588 -224 -64 302 -124 -308 -458 167 126 -70 -145 131 415 876 537 340 -44 -101 219 -83 214 82 142 173 44 -816 51 220 399 39 375 -52 319 -16 18 -405 -440 353 -621 -22 290 -392 178 -8 740 764 -433 301 
-19 47 103 -152 -22 39 -177 -137 -280 -208 185 -132 170 -507 315 -25 257 -836 -55 -373 66 -664 -112 -147 2 -250 636 123 611 554 -181 438 -166 315 -383 514 201 -261 52 -162 -208 -201 -209 183 -278 -13 107 12 -480 -1070 -138 1034 312 114 -33 309 -625 -336 72 -981 -80 -104 -134 -12 -284 -511 -407 122 403 46 -32 -71 336 172 -43 28 31 -213 -240 -140 -41 -613 257 -323 -191 669 158 -922 -109 288 173 267 107 892 -251 60 -224 -187 144 -478 
117 189 -536 -821 141 -378 181 254 -676 130 877 -564 89 74 68 174 -113 -373 344 244 268 -4 -311 81 2 -398 -344 -379 302 46 235 185 225 210 329 -525 -376 99 343 832 265 -443 835 -87 -376 -559 373 409 -183 534 -90 -140 149 120 362 -471 -576 361 645 -31 -214 -272 -202 429 -257 -499 478 -509 167 -734 -35 -448 -280 -536 557 -98 -112 -130 12 487 -174 -246 647 374 -48 511 69 23 -934 -300 -269 -711 -105 476 419 -289 -230 -279 -324 87 
184 132 -467 58 -714 -370 -423 323 3 -326 437 -422 84 100 652 292 240 392 -298 -577 -201 -363 11 152 173 180 105 185 -322 -142 -830 -68 43 63 -307 565 -232 -279 -264 74 -403 -445 115 -338 -405 60 -86 -235 -442 -283 -83 -720 99 434 132 -66 232 -480 754 -120 314 303 723 209 -95 -56 -165 55 -142 276 538 -532 -574 -468 -623 -470 291 588 58 324 -60 267 -197 -199 -528 161 210 -86 554 224 -15 26 -58 104 -57 -656 567 -88 901 -397 
-241 -528 -815 -33 508 530 -11 335 -433 795 -23 -202 654 -160 141 -35 -659 171 656 26 216 468 264 -28 -289 116 -287 -935 -3 -304 84 -382 -325 772 408 -176 -969 684 -328 547 387 -427 444 -833 964 -498 342 412 -108 -300 -40 -633 393 116 161 264 -281 -112 779 229 239 103 324 432 -396 319 -323 -212 -63 -278 371 -353 208 -477 190 -389 428 347 -684 87 -37 -2 94 355 -106 -550 -484 145 -25 -210 145 -22 -229 -510 221 -422 -186 -344 314 511 
-337 -91 -50 -75 479 -63 -13 678 274 -84 36 -12 1022 -217 696 -755 -237 -405 288 -435 602 -339 199 -96 -328 317 371 -539 195 382 -146 641 -583 54 403 595 -625 309 -11 -522 -314 37 -249 267 256 -660 -283 472 -302 529 -191 -254 -429 291 -32 -130 -233 -119 340 335 851 298 603 -232 42 -12 -247 752 236 -211 -99 390 -743 -483 -35 66 11 907 344 -441 145 -102 -451 501 -268 -475 -264 -143 504 -66 -395 225 -138 270 -466 -22 217 -339 544 243 
383 10 -85 -359 -628 -153 339 -171 -657 -207 -621 -744 -521 246 -550 363 -393 -139 -434 -69 75 -308 -207 145 -773 249 -127 -178 188 -416 73 299 125 -237 450 190 -356 46 -13 -313 -14 -339 231 -1 -197 -401 -121 -131 -189 141 -186 -200 136 -437 83 746 -107 93 -681 -515 300 -485 283 504 33 417 256 -621 -219 49 -15 231 -739 31 -146 -177 262 8 58 358 -285 -246 171 -143 14 -886 390 240 272 63 53 67 170 -123 -54 -633 17 198 161 306 
-24 477 584 431 199 -99 721 -3 389 95 -181 807 -402 612 202 -116 406 -234 -166 -26 -885 89 -649 -623 -288 -381 -336 307 -182 -49 316 98 253 -614 499 -53 101 -246 342 -384 -105 439 -140 369 135 788 36 191 164 -538 235 449 72 -364 -226 326 584 -34 -803 -643 551 -596 -199 -245 609 92 183 -225 145 620 21 233 202 457 -908 234 -86 -335 52 -375 -3 -1 -407 -346 268 141 -136 210 -122 -76 295 342 -318 918 563 -245 -114 148 -104 -210 
390 55 3 -864 -286 -638 211 -364 942 -578 -27 -337 -113 -125 101 -11 -104 256 85 -260 14 -88 -75 -9 -902 -432 393 -121 283 -251 190 -96 351 218 343 264 27 148 536 -274 -18 -287 -184 -256 360 -327 -566 289 -91 40 559 361 188 321 -357 -102 -6 -236 -246 325 31 -33 -303 -220 542 50 373 183 -417 -894 -221 -60 17 142 -98 -449 346 -171 285 304 118 392 -175 -391 -568 -142 113 -315 -936 -106 -300 118 238 94 -105 -9 736 107 -294 174 
442 -308 -588 225 729 -318 305 74 -292 98 595 68 582 -661 613 19 211 270 -338 118 994 -56 262 475 -117 -335 -290 -62 235 -256 608 -175 -222 208 -224 -361 -133 -293 -413 -14 322 434 -319 424 -107 68 -456 -700 -927 -12 -74 -24 49 1006 163 213 277 -440 429 187 99 -1 -14 -243 579 -406 -27 28 387 296 -210 1 -317 -462 90 306 81 699 -547 -118 7 213 79 462 -188 -399 201 282 393 -95 233 238 187 -500 -113 -56 -350 -426 56 -41 
45 -280 115 30 -560 -315 692 -31 -394 356 53 -508 -194 -131 188 68 318 246 12 -34 -180 -657 -266 -609 -170 -293 582 250 128 9 -199 140 259 -587 -112 286 -328 -166 -275 -484 107 247 -673 610 284 485 -533 -222 405 83 580 -334 98 655 186 -192 502 434 -293 -374 771 160 204 -366 -255 223 55 155 -100 841 376 -342 123 214 -23 -225 -60 662 220 272 -400 409 -267 873 636 -582 178 367 255 -7 312 345 -153 172 251 -56 -93 478 117 506 
