Matrix size: 100x100
Number of threads: 2
Execution time: 0.0081551 seconds
Resulting matrix:
570 149 -413 -265 -164 43 -81 103 -1240 428 270 -375 656 -230 -365 -360 -29 211 -128 -78 325 -57 -15 -261 523 205 -375 247 74 -275 -328 -3 -642 -87 -135 -652 512 -174 271 347 219 64 -557 -501 801 50 -262 -80 325 -186 -189 100 -130 58 114 233 -118 22 -1 426 258 -134 385 217 -54 504 -291 29 388 -258 249 986 -529 385 -401 153 -346 148 -313 -223 19 -70 720 -146 -219 66 -130 -656 -135 499 -441 -169 -489 -272 -7 223 -253 -101 64 55 
-815 101 -22 -368 226 -128 -57 -41 38 -227 -255 -329 -269 -306 -13 -407 -686 -177 889 406 146 322 -345 -659 228 441 -189 475 -739 195 -283 164 229 278 196 -207 83 0 -109 -350 75 153 -144 -504 -180 -143 42 395 -85 334 227 -33 368 -180 412 -107 285 -24 45 -1160 71 -44 156 -570 -51 415 427 -855 240 -270 -339 -708 120 361 -179 409 -183 -119 -253 195 -441 -130 335 40 -525 32 -148 217 -657 -283 -870 289 -364 295 -234 -163 86 -497 -438 -218 
169 -243 383 -207 -1001 946 145 576 396 -259 -25 -581 194 -513 -6 36 -159 535 -1008 192 95 133 -198 -531 273 256 849 -597 -151 -279 122 410 -430 -239 47 -103 -232 229 -24 -416 -158 393 -337 422 -177 126 -526 420 335 -711 -170 -422 129 146 -43 365 -593 87 -482 -54 -76 374 51 703 197 774 543 -145 -551 517 -361 107 -235 662 -581 -390 793 -392 330 -51 -189 -100 493 -443 241 -389 90 596 870 417 228 102 -87 605 711 -430 -364 -142 434 -510 
-192 227 -158 -315 -307 179 81 695 -455 86 -45 9 -262 -251 -137 -138 -27 260 -494 86 -195 -35 -687 -750 8 -118 -147 -908 348 -270 494 101 -1020 97 -268 233 209 -394 433 -417 -249 378 -225 218 805 37 253 -93 3 -193 66 387 792 -129 -170 -123 -148 198 59 -278 -218 434 413 46 -241 543 244 298 422 -380 292 759 261 852 124 -113 444 70 303 -85 -82 -477 90 302 -156 -119 242 -601 371 349 -80 444 -252 -32 -322 -438 313 116 -60 27 
-422 51 228 418 -808 75 394 155 135 38 -316 -333 45 18 108 136 542 -73 -1045 259 310 -527 602 -197 -327 -314 407 -377 -65 -590 -347 -238 -432 -314 1110 -413 52 -316 -205 -350 -95 -19 46 -249 -99 528 10 242 690 212 32 -75 430 -10 181 308 -64 102 319 1 -626 -282 -78 725 -510 -15 710 -358 -145 614 -125 506 362 -64 368 318 -55 -353 697 -211 -719 43 196 -135 485 -76 -299 216 708 265 375 -564 -652 742 114 303 0 734 -85 114 
106 146 -746 -67 247 -469 264 -30 -99 -930 -148 -140 -485 -396 189 492 359 -75 -203 5 230 -527 -402 291 11 260 626 -255 -85 374 -137 -403 383 -239 138 700 -69 164 -194 329 552 -581 213 50 -227 -169 623 131 -117 313 740 -245 326 195 2 -979 185 -144 317 -474 530 -49 -651 160 -265 -148 254 301 127 186 79 70 125 -618 433 213 531 -119 -197 382 309 -216 -1071 -19 -693 654 679 56 341 252 47 -153 339 -152 31 321 -544 144 721 -73 
185 -288 -234 -12 7 -371 -70 111 -73 -516 -450 746 118 172 80 -538 455 510 37 -162 176 -279 279 181 -962 -213 487 -13 62 56 -175 -280 577 -503 223 -211 -18 91 -231 776 -491 -213 -37 -47 -128 -91 98 -83 347 164 465 -40 248 584 -191 254 200 35 92 23 23 165 -200 372 7 259 31 196 -613 492 -271 190 580 -466 860 369 704 -743 -140 -242 -291 365 432 -82 138 624 -388 99 -411 -411 815 -781 -391 -388 5 8 421 -221 -58 33 
8 -372 236 -73 112 -514 -617 15 501 -216 801 218 -327 28 -573 182 509 -24 111 444 -124 -264 -41 350 -523 -155 -304 -336 603 -186 379 -8 62 -59 -172 683 -354 -776 235 43 -360 136 133 535 -175 -252 197 -481 -704 67 -400 84 -78 201 -31 621 530 53 10 -155 -311 521 -49 -137 211 161 633 563 36 98 -71 458 255 73 -206 -489 396 144 75 82 355 121 -257 130 286 44 -365 -162 350 314 19 -54 -664 -358 -456 -56 529 -158 86 139 
78 458 30 39 56 187 -361 451 927 -330 -334 153 441 103 5 -67 253 -2 -205 -146 -416 110 -373 -316 -205 175 210 -1 119 -30 493 272 -754 -141 -88 -611 136 -33 262 -236 -634 -74 553 26 -254 -408 66 70 -113 451 39 -279 731 -372 220 -167 -495 545 29 -15 24 -490 -376 315 -707 424 137 322 194 -625 -60 770 1090 -102 227 -309 40 229 571 209 -20 382 -94 124 644 165 -168 -347 840 -112 583 -268 3 48 175 41 -188 -285 229 -536 
-13 -328 462 211 -147 -469 -209 -27 338 286 20 -407 413 -343 -685 -102 -520 149 -45 -284 117 89 -352 60 -296 191 -238 156 -198 -302 -915 -37 -98 63 203 -1046 36 -511 -67 -310 -657 -191 367 36 -290 143 -401 -254 -276 -265 -213 -501 -682 -260 -136 304 107 -85 419 538 -161 26 -126 65 -73 318 -6 -383 291 433 60 500 126 206 4 -273 -507 -241 315 161 83 775 559 49 40 305 -251 -34 368 278 599 -481 -583 531 179 -50 279 -140 490 310 
211 -428 -169 182 74 -141 -21 -127 186 337 -68 -192 -98 -254 -841 -55 372 -182 -207 -486 438 -256 -259 44 -98 602 187 -453 33 -106 -464 98 -191 -13 -413 352 -550 55 243 116 -489 -748 441 65 299 -328 -273 226 77 -127 -458 229 73 412 -25 213 -218 415 251 -486 40 -17 278 11 295 -609 -238 -559 -157 -68 314 -350 -205 -211 -312 83 156 53 255 -299 -130 -112 507 264 -294 315 365 -685 -332 -258 -237 -92 347 108 -374 -303 -583 194 -65 -56 
148 -484 226 -202 38 392 1027 10 -409 129 33 409 -421 9 47 -717 -241 -450 -343 -701 -178 737 392 593 645 348 21 -334 -625 268 -390 2 173 -170 -609 -285 238 249 153 415 57 358 371 14 11 48 23 271 -92 163 13 320 -220 -789 -479 -73 -543 325 435 -258 70 -445 -156 25 -358 -33 64 -150 -587 22 -300 -763 315 -61 -613 -293 -23 -331 38 58 -336 400 584 276 137 116 -128 136 333 -339 611 101 -63 -667 466 330 94 -158 -719 -794 
-239 -566 91 218 123 -161 147 640 -270 -111 -348 124 819 -55 -739 -134 117 -266 -136 -30 -163 253 376 546 667 31 126 -402 -688 65 254 -400 504 123 -188 260 44 264 -352 141 -33 650 0 -173 559 -525 329 -120 -381 -247 -504 397 -72 -509 175 -264 -123 772 135 44 -56 126 264 461 -888 -488 -741 447 -40 -103 -290 -150 326 -301 -10 -398 -118 -322 -668 370 -898 -165 -196 191 126 447 138 754 372 584 -1 154 -106 -337 -167 -87 -125 35 -194 -1004 
-107 113 -270 -50 -375 336 137 -406 -232 4 -212 -425 946 367 162 -199 720 252 -514 -320 657 -96 25 321 -481 388 729 -140 -3 77 -303 -383 65 48 -355 -176 -191 -440 -557 -238 84 -165 69 -200 762 -877 400 579 78 433 -94 -292 443 25 364 -631 -699 -10 -264 -276 -225 327 601 343 193 -279 -304 -310 -177 -199 -184 493 -80 223 208 -139 -260 -600 -49 -95 -98 143 153 120 -203 298 188 -532 -790 135 -543 -732 -198 -268 -484 -53 -497 -52 -111 281 
-89 418 -195 694 177 -693 -146 -582 117 -233 -419 373 -448 -294 796 -366 62 -119 20 -715 816 -66 133 463 229 200 -284 -126 -250 -190 590 151 562 -132 -495 72 515 552 -32 11 -155 -102 -238 -236 -417 110 388 -210 454 269 52 58 583 -204 -967 -508 -741 -273 -413 -483 412 71 113 449 541 -398 -84 616 -55 -460 -546 -324 27 -211 117 -44 -91 10 73 -239 -588 109 -303 -182 -2 71 427 160 89 -380 -146 -83 40 -364 -337 -213 59 -413 267 -638 
-138 82 -145 68 -101 -674 -540 224 -387 -163 -264 675 111 -99 -88 96 -3 -240 326 200 26 -351 671 -110 425 -194 -643 -66 -165 -475 556 44 -266 -220 -46 89 -219 59 -333 127 142 -101 678 177 -571 -536 -303 -215 62 337 -413 239 -49 -192 -201 248 204 142 -202 -79 435 109 614 -75 17 576 342 971 -65 -68 -52 17 -62 123 -166 89 527 230 238 273 12 -205 -80 236 369 -504 -87 357 -248 324 71 243 -4 178 286 -308 5 -125 359 -366 
58 -253 -259 306 131 -664 -171 428 -104 -300 136 289 -447 586 377 -79 -114 34 -331 -137 -260 -85 224 804 -761 109 52 -104 -1 338 -62 -240 449 384 -707 -56 147 192 233 741 207 -6 -320 481 -532 503 -157 -193 -233 362 107 387 81 561 -420 489 476 -337 2 426 -428 890 40 206 225 310 -66 40 292 -135 -212 147 -292 200 312 35 131 345 -566 -239 39 -32 134 -352 -156 -608 10 163 -157 23 -97 -537 389 122 -45 2 46 199 -417 172 
274 159 -293 171 60 -259 418 319 -1007 396 -545 299 80 -391 -65 179 -298 119 527 -755 -468 371 -131 137 -804 284 92 -315 -32 -445 269 -259 501 -684 -162 -332 540 -199 -204 1138 269 77 266 557 -585 -242 306 -290 -95 24 277 693 -15 -505 -570 -105 -487 -258 -417 -269 298 103 127 -757 -735 183 -591 355 523 -442 112 -9 592 -264 230 84 -120 227 -553 222 67 -116 -16 259 -251 -659 518 19 437 -290 164 -306 -165 -283 -138 -177 -281 -438 395 14 
-697 428 -87 -424 -59 29 -174 307 -818 -422 -117 12 374 247 -154 -303 230 388 -526 -360 1381 -319 932 494 463 -82 -500 -617 -856 334 -9 166 -3 295 9 -483 230 -225 -339 -124 108 -308 236 38 78 -636 134 -272 516 900 -222 155 294 328 212 286 137 94 -580 17 -21 -99 -346 367 29 -475 252 478 53 368 -318 -380 -81 184 141 371 176 -518 -508 361 -175 -443 635 -439 114 187 106 357 970 449 487 -409 93 -12 160 -972 83 -630 275 -943 
-15 -590 -544 -31 -393 -36 -92 -797 914 590 17 -176 -68 333 -35 -238 104 493 49 635 -227 -181 -98 427 143 -139 -234 250 133 40 137 407 -131 -399 -337 199 -572 -279 -29 -31 -951 -205 262 18 -688 378 -927 -557 612 362 -570 -193 680 181 241 547 275 -47 -89 404 -385 111 -133 651 204 135 269 238 -346 167 70 -281 154 -153 -281 -482 -784 481 207 -730 -174 -1 -481 -673 -188 59 -175 -753 -300 -414 -15 -197 -297 897 64 273 129 354 -228 365 
203 -466 308 -589 -100 -381 185 248 374 -557 306 -248 -60 209 -376 -175 408 480 -55 -224 396 -148 -83 -190 77 -444 -89 -694 311 413 -4 29 -14 -499 -136 -313 -403 -332 -263 -309 304 451 465 74 -46 414 -38 -36 388 -457 -283 129 -258 -412 731 530 220 124 -85 167 -58 -107 232 437 -73 80 173 18 0 1023 49 117 97 800 -413 -617 -21 -341 182 399 78 209 515 -337 54 -147 -157 45 219 -11 -86 353 -538 -176 388 -283 -192 130 1027 -165 
199 84 40 37 243 252 -133 270 -298 -54 163 -65 -442 -60 529 421 -60 -523 -595 -83 -349 -242 276 -64 312 247 39 171 -462 192 91 239 226 551 -720 -79 499 328 22 331 694 -308 200 -13 -185 -219 -76 155 41 -152 -247 525 295 152 -104 -724 -414 -19 -134 -15 248 -504 -245 -299 -86 316 -115 156 150 -218 -447 -96 630 256 -2 119 172 451 -58 -7 141 -629 272 -378 182 -626 443 381 406 222 316 -182 374 -338 295 80 -436 -124 69 -494 
206 -848 -593 -182 -125 -549 412 -368 -48 256 715 -1 -570 -269 -581 248 895 -457 9 -456 41 -617 658 -242 338 249 -956 352 -6 272 -685 124 924 -36 -109 429 413 -326 -705 312 74 -231 186 -326 -26 -409 -153 -387 50 -522 -610 909 -298 -35 590 -580 293 292 41 18 -362 -431 462 -280 342 -486 -185 -135 -620 95 -324 -514 672 -188 -141 -41 -224 280 376 449 174 -248 196 -143 55 876 -76 472 -340 -424 -554 94 -83 -1408 -159 269 0 -546 154 -143 
-50 -64 184 179 -102 -268 -243 -513 23 637 -590 -108 -1092 228 466 -200 214 69 29 871 -216 189 -201 652 -108 543 807 -343 -505 80 78 92 308 200 194 541 80 -188 548 -295 -67 98 -61 -570 62 556 530 -6 -5 -426 -209 -127 485 -263 772 -178 168 162 88 -230 -131 312 -231 -88 663 -229 -231 -221 -36 142 80 -517 -199 497 306 204 -133 508 453 -311 25 -384 16 254 -796 179 -174 285 -687 -569 -1259 665 -53 486 575 -318 122 199 -364 66 
-669 195 -146 -353 -214 149 -212 85 -408 -28 312 -224 251 -358 1 259 -67 61 -234 357 -215 336 45 362 -2 119 -496 -124 -805 -177 -128 30 239 451 -352 330 8 45 -88 319 -725 376 -476 410 79 594 190 -112 -13 311 -92 161 93 462 168 -81 186 42 -267 -164 -826 -80 80 546 -407 -553 223 -193 -558 74 475 133 363 -801 358 58 63 282 90 249 -703 -216 -545 -126 -518 -394 -165 -20 278 -98 342 -710 4 851 -628 582 472 171 -1363 294 
158 -137 -167 152 -450 313 -282 400 381 418 -411 444 -151 249 724 167 -354 530 196 -71 -402 91 130 -22 -459 -32 101 209 -84 85 -195 122 72 -71 -169 114 -79 63 -304 -123 221 43 -80 -3 -240 -472 -188 118 -273 473 -7 -9 619 -576 -109 -390 79 318 -77 -499 680 527 -22 7 170 343 458 -349 222 556 -277 -339 -178 -202 -324 152 3 -488 -231 -386 -269 493 -269 291 -404 -732 181 -68 442 -309 -252 -365 428 580 55 96 -122 54 193 584 
-354 -449 14 -461 241 -78 129 -490 146 -166 -566 65 -108 387 500 470 9 -135 494 16 -69 433 -425 422 -194 -276 -426 234 250 447 354 -555 184 -386 -159 74 78 -430 86 -90 784 29 -371 236 189 46 1054 -118 -132 762 76 -348 135 -274 -349 -397 429 426 173 -401 -228 22 32 309 -51 98 -165 480 -442 -399 316 39 -137 -423 14 -257 126 72 -239 -760 -10 201 -615 328 146 -142 -113 40 260 -314 -316 -133 -481 -716 -443 453 746 249 -36 239 
51 -378 -155 821 259 169 -343 -299 43 234 -136 182 -215 -581 398 169 -228 -152 296 211 104 193 615 -243 435 -59 -93 158 -474 -81 116 59 -12 374 187 275 6 -306 71 -786 -232 -443 -66 -64 228 261 -185 315 -110 -29 103 -237 415 -475 390 -332 -155 86 531 -948 116 6 226 654 -103 -448 -178 54 -169 431 -444 127 204 91 -3 -7 290 573 226 -366 32 -328 -58 97 -118 175 -218 155 -183 -503 -376 -481 469 -126 -419 -42 588 330 -499 -23 
384 446 171 134 -603 -399 -1 180 -24 358 -75 -44 -245 -633 411 -96 410 418 294 -35 -154 121 -278 -261 -279 -10 -430 -293 415 -481 450 -404 -385 -697 29 -176 -304 -486 10 115 -685 -138 121 -147 45 152 -306 -169 -103 -486 -111 -297 -108 -411 -72 -296 177 -57 -23 215 -298 78 -194 -438 116 425 -35 403 649 235 251 281 -27 124 -162 0 -268 231 539 -243 249 266 -87 807 298 -234 -212 -1208 -628 -108 -38 -17 -269 443 22 325 238 263 -241 873 
99 121 470 489 401 -740 125 -27 -520 -259 -754 -284 172 202 -304 311 -33 508 144 -84 255 -500 434 -442 189 -43 11 -441 402 40 -99 -323 -279 -335 484 274 -505 365 -275 -520 544 282 -226 7 38 237 92 -2 -387 -819 -438 -279 -102 -179 -201 -90 21 -92 343 -202 -97 74 -40 -272 431 141 -578 -122 458 136 131 435 238 109 4 24 -206 -95 -387 513 -107 -390 -44 310 394 -410 258 276 -484 401 -740 208 215 95 -135 -507 576 -172 452 524 
-28 110 0 888 202 -60 -522 -176 -24 57 25 -139 810 -524 -114 -15 -149 611 -724 -143 243 137 -128 -69 -104 246 -111 -248 -493 -68 165 162 -271 79 -222 201 308 -414 559 582 -977 -357 111 46 -198 -227 57 -333 178 -524 -283 280 384 -461 -133 281 -670 -381 -118 -38 -449 -664 -617 -246 331 -376 -799 212 322 -102 368 113 50 -139 515 406 -748 49 -486 145 -264 -307 231 -84 -234 7 274 -926 225 -789 79 -459 76 483 321 11 5 -586 219 -69 
520 -38 378 -384 -170 761 358 776 -639 84 -432 -275 505 66 134 388 -171 91 -512 -101 -223 208 283 -19 -646 885 389 -974 256 -281 -243 -28 -292 141 -269 -298 -157 -595 326 720 278 494 -411 -340 134 195 -125 581 -497 -609 120 223 -686 -401 100 -388 -92 409 -137 -47 589 -269 -578 -409 -877 -31 111 -414 92 -131 -8 550 -307 253 -75 705 62 182 -240 -11 -370 -175 253 689 359 172 150 -235 -463 539 138 371 209 -217 210 -111 12 189 -9 142 
402 11 -165 132 76 -190 146 -218 -230 -433 -388 -399 -224 -218 -49 448 356 328 190 -246 178 -330 115 -458 170 328 274 -163 91 571 243 -183 -263 -953 -280 170 -408 -1004 131 337 389 717 -282 -183 256 -639 223 -61 215 2 -35 -76 -176 -202 74 -191 -57 -122 32 66 185 -445 -186 -90 -259 208 -289 -64 -446 109 -661 211 162 -20 232 221 368 277 -264 -35 131 -225 186 -167 -215 -222 -329 -344 -100 -60 -310 -444 -339 -126 -61 -11 640 226 653 197 
441 -1234 719 290 -26 675 -463 -306 -211 758 -185 -197 246 10 -227 330 -62 292 -332 -399 -316 -77 372 -505 763 534 -159 197 -463 152 -637 412 -176 314 199 199 -140 607 -62 -499 38 -320 -296 149 -293 420 -168 240 -223 -471 -52 -458 266 -286 771 890 -252 392 -406 205 -353 453 -237 493 585 -265 534 -61 -45 760 222 51 291 12 -793 -183 217 -65 132 -643 -310 -647 210 -50 168 -732 346 -43 -116 -159 -741 -40 481 467 -356 -92 -459 -67 -149 37 
158 -307 621 424 -107 -690 17 -199 981 91 -223 8 -219 -85 34 -123 93 472 -538 -418 60 -223 -482 -112 284 -27 428 122 12 493 428 -226 295 -42 151 95 -361 203 -673 -488 198 -413 578 349 144 224 -164 422 395 -93 67 -848 -313 -397 -56 -348 -271 -259 675 136 -270 -74 -239 -358 644 681 -55 -297 -88 -50 -388 -23 -257 701 195 543 238 -421 -71 322 108 101 -411 446 -155 754 186 210 -522 280 -162 -221 -170 -32 -48 299 -171 -696 439 396 
34 -14 434 510 128 -356 -175 754 242 363 -301 269 61 -215 374 692 -300 -118 266 462 150 261 201 393 -105 -188 -581 -656 -255 198 316 -376 455 108 552 346 -288 -218 208 -418 58 467 -270 -164 -56 -249 73 61 -138 -207 -268 79 -162 -489 63 -288 134 -65 218 37 496 128 -198 144 255 255 234 172 114 554 158 112 183 201 823 -91 -183 425 -11 317 233 95 -70 -121 -268 -4 -384 218 446 -478 -319 236 384 213 -547 -526 523 49 1125 465 
-715 189 518 -298 151 169 248 -75 -74 -62 -289 105 584 594 -223 116 328 -360 -261 561 -201 -102 913 33 -314 -345 138 45 -121 111 452 -1 16 -78 219 93 279 -447 -92 -348 66 -705 359 364 -82 -593 947 -164 80 -8 206 186 -414 -589 244 -203 -510 52 -164 -19 -154 -793 -131 24 62 -198 61 115 -104 -75 -277 -281 348 421 -137 36 -28 334 562 495 627 -279 273 -109 788 238 -430 -51 575 324 303 643 518 -484 397 -269 -28 -546 -142 -437 
15 -175 405 -379 -127 -472 271 59 152 -514 577 -329 -118 389 532 618 -205 0 -29 172 -132 -256 -195 183 -1101 25 222 552 458 89 -87 -42 178 -39 136 -28 247 154 -442 -212 -226 30 -288 401 -189 160 -752 445 -128 -182 -72 -383 -663 559 -245 -305 -432 378 -140 -309 413 48 95 -111 -162 543 -149 -609 -252 190 513 337 -769 259 236 212 -294 -355 110 419 154 785 -447 217 -143 -328 -134 259 20 623 295 -84 542 61 379 156 -110 314 112 684 
345 -464 -477 -173 -114 -297 -353 -554 364 196 198 753 -263 -698 -187 207 272 -59 431 -510 -688 -76 -381 -435 37 -552 -686 -148 304 -29 302 260 -2 170 -349 208 -352 410 259 -100 -213 -268 184 -3 440 -141 45 338 -175 -532 49 525 185 -348 450 46 -694 348 -356 239 547 -124 449 62 -375 -452 -278 249 75 -1 425 183 152 -474 -642 -460 165 70 -430 368 -705 434 -517 -91 -876 1068 -182 -472 -28 -335 -691 324 -27 -43 -37 -150 -334 329 62 338 
-587 -246 -173 341 -363 243 135 371 -218 43 -11 348 -559 76 -162 -14 792 -30 -893 -76 434 -614 556 -98 150 209 227 -182 -293 -320 -128 -1382 188 -457 266 141 -881 -63 188 -322 -56 -667 247 -54 266 765 333 83 642 -529 -2 336 -377 537 -257 -534 -432 -154 265 177 -341 319 28 745 6 -342 574 462 -188 376 -347 -711 -523 -2 -284 5 192 -172 933 71 -142 -215 -501 285 469 161 238 278 106 1010 -15 74 211 138 336 -119 77 -125 218 -412 
346 732 -126 207 91 265 27 169 -101 -193 -48 189 470 514 351 -433 -444 309 -6 -255 -109 325 397 19 -34 131 514 -62 -307 -678 -439 -120 -538 273 390 -506 -157 197 161 70 -251 147 316 -83 -58 -782 -298 -245 -1139 -53 698 -277 137 -157 280 179 552 -155 -55 -45 389 505 375 -919 416 12 -519 -595 209 225 233 -239 18 206 -179 -181 -343 -207 276 33 -315 565 479 419 -177 -334 352 190 132 549 -325 -88 433 -26 -62 280 -126 71 -663 667 
-30 314 -95 -525 -328 -231 -78 -63 -7 -177 -346 -562 241 -172 690 -295 -138 241 443 272 -720 20 -74 -239 -664 -348 163 60 165 -343 322 -112 17 -462 113 -449 500 -707 -329 212 -107 457 -127 -68 76 -57 215 472 -108 -308 -29 -80 83 -16 -163 -836 -368 -152 -325 -402 604 442 -476 -168 -175 648 -218 -275 505 -607 -382 8 -551 774 -567 757 -142 -108 -405 -286 -580 -235 -255 464 229 31 -96 197 -807 -147 -327 -501 -196 -106 495 -565 60 -393 -365 62 
-283 235 -220 -218 -222 293 -218 360 197 123 15 -223 258 97 266 303 -99 20 -686 367 199 -333 544 48 326 -345 837 509 -49 -109 -580 -303 49 -363 300 338 -56 366 -376 -417 159 230 -350 -415 357 -242 685 70 244 -499 -620 193 -339 209 -281 -108 -231 368 -126 -273 307 592 96 354 388 141 439 -615 -105 773 245 109 -141 31 -115 -44 110 -535 597 153 202 262 151 302 689 338 -94 -73 -342 386 642 364 224 -357 24 -107 204 -614 127 -189 
265 540 324 296 -25 31 -382 -39 945 -64 165 -472 57 630 -378 -137 -460 183 -38 -140 -452 -35 47 569 -449 -275 783 -245 299 -366 369 -479 -1122 -568 622 -478 -383 -385 408 357 -229 2 220 459 129 -94 -53 -132 -170 -705 533 399 -76 -96 258 1 11 -9 52 255 168 135 -226 -143 -474 -292 -665 258 1106 430 -69 742 250 324 -162 -112 -1037 -71 289 -358 -101 372 245 194 440 -8 194 -924 72 1018 119 294 76 -66 -446 161 228 729 319 856 
-597 422 551 -12 -473 -317 7 836 481 175 0 339 178 -89 3 72 -400 38 -84 120 -320 171 303 -151 -283 -231 -339 -572 465 27 703 -52 333 -475 -161 365 266 -138 -259 -40 -345 -117 -157 70 32 -834 627 -162 84 -13 -730 173 130 -85 67 176 -458 332 -197 -237 -34 -166 453 341 -103 -50 333 249 380 -211 163 622 -114 222 288 639 276 174 99 150 65 -182 -260 774 166 224 -294 -638 766 -388 131 -345 -28 -30 513 -355 -369 -353 122 411 
-114 -872 220 -551 102 195 -322 -215 -399 268 -416 -196 375 234 45 516 809 -270 349 322 -23 -11 45 115 -398 -78 22 209 134 289 -91 778 451 -76 -440 293 -151 92 -606 -260 -373 -399 525 319 -189 -150 -92 -375 253 765 -603 -114 287 -21 757 -88 -18 821 -1450 -174 -324 -166 527 537 -250 -21 218 -128 -336 696 -16 -426 125 -468 -471 -381 436 479 240 -471 139 -284 485 -155 163 -312 -278 -174 237 -332 295 -536 296 -54 235 -531 321 -8 339 -412 
455 -414 -93 -621 562 303 504 -59 -32 -630 -852 44 504 -481 -371 -156 -339 398 163 180 484 500 -353 -692 375 -43 458 348 173 650 -207 411 -26 -464 -341 -240 -95 17 -67 70 212 209 51 -106 -75 -217 123 889 347 474 390 -447 -222 -526 -316 -319 -216 674 322 -161 286 -346 957 -198 -119 287 143 -385 -535 71 -487 289 125 -28 -615 -426 106 -71 -38 76 -295 331 495 -381 513 600 -168 47 128 224 273 141 -661 -380 816 -129 -64 -255 647 -718 
-340 701 277 527 -861 -398 251 241 -113 529 -135 411 -308 84 506 -266 41 258 -329 -353 104 484 320 89 -279 -223 -560 -330 -614 -113 17 -284 -86 199 -19 -537 570 -84 -313 452 -2 368 -329 -426 232 -151 -676 -1016 159 -3 698 284 208 -9 -292 368 248 -210 150 48 -348 -162 -206 -453 316 108 111 29 -94 -837 227 -84 307 -114 337 92 -777 -618 -39 -7 -187 54 256 -16 -520 -709 237 154 295 -641 49 -729 -513 -2 -496 636 231 -105 -511 2 
-406 631 427 -42 139 254 -44 -198 263 319 -29 -5 -606 -536 113 -207 -257 -205 -277 -639 390 370 -196 -107 695 -278 102 283 -20 569 516 -369 -152 -98 -137 -49 -80 682 -288 -388 406 531 243 218 28 539 -162 3 900 117 219 166 -210 -781 14 -235 36 208 -56 -207 228 -439 95 101 142 -18 -32 -145 34 400 485 335 262 5 -245 360 -54 -291 441 290 -321 163 106 -114 27 63 113 319 -150 -58 -42 73 93 139 -226 35 -76 341 -374 206 
89 -525 219 157 -26 381 210 -176 -720 363 397 -219 -284 195 -82 -61 858 573 164 -378 -28 300 371 669 -246 -260 40 130 570 -629 -10 -750 492 97 63 -79 63 19 265 162 337 233 241 -68 -438 946 659 49 266 -50 423 -769 -352 626 90 373 -44 -312 -415 666 -288 337 174 131 184 -643 -603 481 -57 -307 446 456 -113 -25 -308 21 -405 -76 148 -278 -240 -52 259 -496 -27 -225 -114 487 153 -143 99 -72 -82 -533 -114 -234 -163 301 -368 4 
-8 -388 548 -194 513 238 326 282 -33 82 -359 304 571 4 -267 -328 630 205 -210 41 401 140 -12 -272 775 -127 402 -479 158 -193 547 357 290 317 -116 193 -300 357 -241 -229 -507 -39 210 -876 -207 -171 150 41 2 -158 -188 -750 126 -192 337 269 -588 348 -611 144 80 -31 -315 510 290 -104 114 68 129 42 -228 840 351 454 -368 312 192 -190 -508 457 -302 -230 441 -309 299 210 6 294 -198 27 -677 283 -209 63 -126 -215 -326 -56 53 106 
-52 -195 286 590 -132 -25 309 -347 -228 -343 -198 475 -315 -318 -475 -366 540 201 -27 -564 149 66 169 4 -541 230 -879 -775 187 -136 348 -269 -247 -543 367 -82 -63 -359 24 611 -994 214 -236 264 -118 484 -407 178 420 76 404 476 -9 -33 -182 548 -264 -130 219 -246 -909 -543 226 -19 204 149 -457 565 -684 -457 -265 -144 446 -152 620 201 -352 -286 713 -265 138 -386 76 254 531 -246 -136 -568 -622 -509 303 -780 80 460 49 163 465 -417 -199 264 
289 -473 -319 -44 93 8 159 643 -308 -64 -467 767 398 -35 -507 176 602 -102 266 -549 58 -358 -339 -776 596 -89 -409 -55 -4 -193 352 367 549 -283 33 -257 -223 76 342 158 36 -528 181 -493 258 -576 57 -260 184 78 81 -129 -664 -48 -4 901 -107 727 -69 417 -126 -192 305 460 -462 -139 128 1332 -221 -118 -206 372 -100 -349 -417 -103 524 267 279 564 726 158 35 50 164 379 -363 -579 969 -30 -7 507 318 -514 468 -142 -609 -238 684 -519 
280 15 -74 749 -403 251 -159 -283 -38 305 -101 -145 649 315 76 95 -211 -302 226 -16 435 123 236 555 -765 -83 449 -126 -242 -140 -474 228 115 -164 -122 79 -199 -127 395 -325 -26 -421 -215 81 465 -190 206 -251 -88 -497 -186 -143 250 745 -236 102 -615 -388 -87 -246 139 123 -480 -86 274 -654 -91 -379 178 123 -213 -652 -235 -380 113 231 -862 474 175 -736 573 8 92 -382 318 -314 -193 -687 -562 -439 423 -183 436 -101 -225 -3 363 425 -286 -16 
56 -192 406 374 67 335 -44 -159 -257 -278 278 344 303 -368 -434 83 -281 -190 273 -735 -302 535 -422 58 -1017 736 210 -309 -491 -403 -614 733 167 38 -693 -444 510 55 133 335 -265 -432 -8 143 514 -220 -257 552 -668 126 -216 197 -38 123 -409 -94 -375 -600 0 280 -215 230 366 -258 -517 -455 -187 4 -964 -633 -328 -10 383 -105 468 -56 108 103 -103 -12 92 -452 -326 224 -602 -687 247 237 -409 -136 66 -2 473 404 -72 -674 -168 -11 -669 7 
195 -310 -144 -358 -564 -134 -448 -292 -19 25 -249 161 344 410 -646 -106 -367 -290 -25 382 371 -269 311 -204 -115 -136 176 -396 95 351 128 -45 -346 -806 -674 52 -273 303 -59 -134 503 -437 330 -379 805 -314 -71 507 -402 105 -82 61 -442 155 582 620 286 528 312 -5 312 180 -16 371 -373 -12 442 -249 146 -69 -225 616 56 187 -483 12 -69 547 309 -434 -4 8 -41 -393 -102 370 -251 -525 -286 827 -417 3 258 -304 -99 -143 -376 190 -411 216 
108 -637 -14 -400 17 26 303 455 -308 -383 -92 724 -110 511 304 56 235 -569 1346 602 293 115 -234 294 351 98 303 440 -175 17 163 117 973 438 -319 183 -744 0 440 54 429 389 329 -189 -278 -61 356 -244 -131 263 286 -61 203 442 293 644 43 195 -156 357 -207 259 437 -152 -684 306 208 911 -565 -18 -6 -364 293 -58 -34 -356 514 735 -369 280 -449 -242 -399 572 -542 -451 164 433 301 -219 235 642 -274 -339 235 -602 474 364 -184 -23 
243 450 -197 327 457 86 -410 423 505 380 -31 -175 592 -34 229 255 -1539 -434 -42 159 -982 143 -321 288 -312 701 239 725 -473 -317 -573 757 -364 154 691 -495 116 -146 534 117 454 68 -732 153 274 73 -173 85 75 -561 -24 -143 -334 -242 63 -117 -87 -585 352 -279 1144 -139 -220 265 -103 93 -104 -186 -19 -90 105 24 -659 557 168 -380 -162 124 -375 -684 -103 629 410 123 24 -391 -137 -95 -445 151 182 101 640 294 -162 23 -235 578 44 108 
-463 -482 209 124 167 4 -297 -340 268 -268 262 -372 347 -407 -213 63 217 319 -97 160 -432 -70 -217 -505 -77 -742 -200 -344 34 -351 223 -107 -558 -18 445 -368 -187 -360 -17 -38 202 -331 -175 -313 741 195 -268 378 -95 -184 -96 133 256 -227 258 100 532 -275 78 -125 -45 89 132 256 -305 -110 693 104 233 -728 -253 490 489 546 -518 -309 5 -288 -321 -87 -378 -112 -473 20 -144 107 318 -204 -416 69 -801 -16 162 -202 -807 -201 -695 -355 506 529 
-320 224 -325 399 228 -177 -36 -5 -349 189 -140 753 133 -131 222 -214 397 70 -682 328 -186 31 -480 154 -93 -447 -539 324 -216 -515 -727 96 -217 211 -218 178 232 -569 176 160 -620 -519 26 -364 85 453 -200 -414 -158 123 584 -348 -361 407 -634 -185 -181 -867 539 148 301 119 -49 -462 -297 345 228 405 -368 -646 227 -435 -499 -467 -768 -117 -353 -414 -351 -42 -279 373 -327 253 67 -419 366 1273 11 -300 579 65 15 342 269 -242 -4 -135 76 -423 
-115 66 -6 -222 -51 -340 -95 -143 676 -319 90 134 213 -193 479 -286 -45 271 347 45 -556 -176 178 -67 -365 -262 -353 172 52 -209 41 340 39 36 275 -689 592 -46 -69 305 -193 -668 3 409 -613 -19 61 266 -130 18 541 357 -195 -471 -745 -679 115 -164 144 -414 336 -86 -581 -141 -40 65 -227 -538 -340 -145 -663 -725 -114 364 405 269 976 -301 97 -248 573 461 -72 206 -234 210 -374 507 355 -17 234 113 329 -142 -21 663 -33 -657 134 200 
69 155 -288 -72 34 -308 -1013 232 -143 -225 -14 -421 313 -450 79 422 -231 29 357 469 67 -89 -685 -88 -320 9 -8 -264 156 11 321 -2 51 50 -440 -35 -763 -446 -55 -280 407 245 253 117 385 -555 -177 373 -510 -212 155 -192 -15 74 156 317 420 453 -384 -238 390 61 188 -329 -175 -42 117 112 -122 -159 -315 538 -72 170 -144 95 636 -94 -299 155 -606 -11 23 -207 -200 -403 -37 246 132 153 -524 84 64 533 -105 150 -199 305 -153 180 
-184 773 106 268 806 -586 -297 -138 0 429 164 783 -453 560 -497 -35 -142 -676 529 -234 -159 357 348 -290 252 -385 -572 163 450 -441 42 80 726 139 163 -97 140 875 234 189 8 -395 -63 -14 -126 -167 -339 -600 -150 365 367 563 -23 317 -332 646 68 -260 -58 -222 188 -215 684 -570 537 -417 -263 277 139 -183 634 -379 -117 -675 214 -90 -96 -104 -315 518 578 -164 105 -401 -414 687 -20 -109 -354 -292 181 88 -64 -163 -431 478 -413 -257 150 169 
-165 -35 458 -340 176 -14 -44 124 -543 153 6 281 222 134 248 -238 -638 -262 -295 371 75 -355 -450 18 28 -78 5 339 239 -7 407 341 178 -150 160 -2 302 -103 13 218 144 54 231 -99 301 233 226 -59 -437 187 -119 -406 -748 31 -387 655 356 150 34 609 165 626 324 147 564 245 206 469 -53 -211 70 439 -633 545 -270 54 -208 108 -277 -139 133 -125 -413 450 973 -78 -414 306 186 626 580 407 -301 -23 219 89 -115 148 -511 304 
561 -139 -322 141 380 430 39 102 -392 334 666 -494 -214 -8 -34 434 293 173 -215 -421 -105 -322 -128 0 -257 -263 380 -51 574 -93 -354 72 3 -496 -103 355 237 -339 -449 242 286 624 -42 -78 469 521 310 123 242 -416 -299 277 -199 495 186 -370 158 -131 -259 452 -81 20 428 -359 -201 -312 -50 319 21 352 -384 400 43 134 139 302 210 328 664 -439 314 337 -166 -17 724 127 -301 190 -551 349 551 -13 -271 -543 322 -33 891 -57 -113 -307 
-199 0 -365 243 -309 270 -414 -591 30 383 624 -104 138 -456 249 -158 315 139 -726 24 124 3 -71 130 -7 130 -166 161 190 -317 748 172 -532 620 -772 817 -60 -457 -149 -9 -85 -104 -136 -55 198 106 -54 61 40 -480 50 -155 137 133 33 -230 -8 -483 -313 -36 18 376 488 68 554 682 413 -237 244 -220 -52 -287 -419 291 -720 -50 -376 130 306 -9 -587 19 26 -62 171 -122 -97 218 -239 640 -337 87 -108 11 15 348 153 39 -163 60 
683 -322 -245 -58 7 408 213 -42 -317 12 -128 544 -315 -36 763 -537 -68 172 677 -843 -37 69 333 -188 414 426 27 666 -10 484 541 599 -209 190 -512 -317 -15 330 432 -120 -626 153 -368 -171 -663 -467 94 52 -256 1131 199 -814 237 96 -215 211 -746 389 -76 -469 597 182 -136 -109 47 280 447 494 270 -418 -164 -346 7 -438 -422 398 240 -39 93 -200 416 110 -251 116 -570 58 -227 -254 118 -28 -116 -283 148 93 764 61 -91 -201 -415 -465 
-870 -207 668 193 -1426 -65 -163 -381 -204 91 -268 -613 27 -169 392 -1368 123 -370 -321 -397 -228 -105 191 342 -235 -24 327 -266 -759 692 -100 -392 294 473 -215 -854 532 514 -759 322 418 452 16 236 215 551 21 -1 -203 -89 522 108 602 554 488 501 -432 -57 211 611 -416 57 -371 136 102 131 -9 -439 294 -686 119 -213 381 -51 -85 593 -244 -370 -96 421 -870 -268 234 221 -424 400 17 -236 -118 -709 159 -690 -363 201 405 -605 -390 -317 -1226 -478 
-253 665 -257 502 190 -172 -763 -544 -195 -107 183 440 -563 -126 71 -232 -122 -37 -285 -545 -103 -279 -260 86 -392 784 -543 -572 267 -337 85 -283 -379 -211 347 67 435 -210 653 178 -462 -211 205 324 220 -341 -226 -205 -62 -133 26 214 553 -304 -322 588 629 -389 -347 -184 -447 -340 303 -248 405 -216 -547 438 61 -118 -233 -610 -32 375 303 -60 360 -159 448 -103 -36 -549 78 -87 17 -272 -68 -351 343 -207 -19 520 248 -70 -828 273 10 11 29 42 
194 77 -182 41 50 73 51 361 -421 566 106 86 40 -311 65 114 -130 -6 102 411 673 66 45 95 -77 -321 182 246 -249 -430 -750 -126 21 -111 687 374 -175 603 -63 633 86 57 90 -170 319 -361 -194 171 -54 -267 337 69 -782 735 -123 151 275 -269 -4 159 552 242 -56 25 291 -444 343 -391 -422 176 146 -298 -5 -480 -8 117 97 -163 159 -790 -203 -102 -111 -430 -134 -560 249 1355 -147 466 221 -30 629 92 -379 -91 315 -52 68 408 
-139 -10 -323 -720 -260 -168 1148 800 -853 -191 -465 656 301 602 421 336 181 -67 -282 -375 109 -341 485 -218 -158 144 -507 -235 248 -387 486 -104 -108 137 113 424 -100 -211 -370 -150 -284 -188 19 709 -537 -758 396 -267 262 908 -500 -44 -51 101 -476 35 -372 -139 -613 -290 -333 -262 988 1 -49 198 362 712 -173 -342 167 -235 -143 72 289 -39 473 416 -133 200 126 470 -298 143 798 149 -227 -381 233 157 16 -366 -114 -176 93 98 258 134 -18 288 
-487 -203 -79 -545 223 455 -59 -243 -257 -179 56 -131 254 341 -663 -107 323 -174 -23 -150 159 101 -39 -178 237 -76 -175 357 137 172 174 -321 20 42 356 -245 -521 493 -229 -328 -309 -201 376 205 -120 -277 155 349 -76 -273 -164 -130 41 228 773 -186 51 268 -218 -206 -546 156 333 342 -177 63 -90 -216 580 995 157 402 214 -795 -272 -301 113 -234 773 108 511 290 496 -463 69 -267 -135 5 112 340 -274 -273 -60 285 -219 375 -172 255 -125 857 
-637 261 401 42 -153 255 -311 -297 -84 357 328 -729 -727 -173 467 341 287 -233 -177 919 92 264 -135 376 -214 -126 91 -395 -197 261 733 233 72 160 -119 355 -474 -579 -314 -812 552 -299 901 427 419 432 303 -47 -91 201 -371 -250 186 -299 407 -424 -127 16 -416 -110 173 -576 19 -243 156 -191 -155 -622 396 423 -103 -576 -65 748 92 262 401 742 280 -29 356 -46 -3 334 -41 -273 218 -74 664 393 333 487 760 620 66 -277 832 140 107 -420 
-305 163 3 -55 -737 -813 -503 232 705 114 191 -55 -833 -453 199 -213 194 433 556 678 170 -41 -392 -58 54 -486 -39 51 16 215 -232 411 -68 639 -213 52 582 169 -602 121 330 189 237 -219 -92 523 -341 -284 473 -271 313 105 510 187 -113 47 515 421 190 -150 -323 -199 -555 -470 76 -12 432 -134 60 -708 88 -276 -51 254 -316 654 -102 -533 -37 -221 -499 -193 -11 261 -299 8 140 67 -118 -440 34 683 -84 287 376 -63 291 -571 71 -1322 
280 -142 103 -41 -526 201 -451 -414 304 651 304 290 63 555 85 21 329 1035 154 293 25 -149 416 155 328 138 -75 -246 -296 -374 20 -244 -339 497 95 737 -600 -128 -159 173 -343 -178 373 -746 90 213 -638 423 256 380 -441 227 682 316 605 170 237 325 -189 -721 -74 371 -477 57 63 -189 -145 202 -235 -61 568 110 -216 -279 -41 448 -450 451 -125 -604 -674 -721 -53 84 -3 -106 254 15 -618 -615 -881 -132 -217 403 -697 328 38 189 -397 432 
38 -216 370 543 24 163 -422 -302 7 94 -318 -359 101 -653 479 779 44 -813 363 451 -374 -286 -687 -22 -183 -263 -229 385 -183 -377 351 120 -147 125 276 -217 -237 129 -22 -416 -182 -266 207 274 -343 346 -652 -407 -6 -259 -551 -59 -81 -648 -38 296 -390 1005 -651 -368 246 -187 -426 -41 -473 565 -674 144 740 527 -255 180 146 -269 -315 -564 -5 233 -96 3 117 -147 -253 289 349 -1015 106 125 320 -267 163 476 -168 810 -513 258 -248 296 87 234 
607 -257 116 168 -163 136 503 731 305 -241 461 -68 15 -204 -610 162 -116 135 -369 -696 -601 -171 -191 -306 1 -118 251 -315 -244 -327 -555 -24 -394 -176 -263 243 -37 444 323 1136 -305 216 -737 360 -370 228 39 -130 -32 -428 284 514 -865 443 -240 -148 -71 -3 -93 640 -214 485 356 -67 -79 -97 -105 204 -120 -155 465 563 443 -516 -201 320 -78 411 145 -126 342 143 13 238 -89 -259 162 -503 92 299 72 62 365 -123 -129 351 -33 -124 425 241 
-137 -38 252 249 861 -31 -287 214 -94 -446 45 241 129 148 -599 343 -420 -347 127 -342 109 -341 479 413 -197 760 -318 151 -340 -203 -214 401 231 -62 338 694 -185 884 -166 613 276 234 -233 -236 -804 504 199 -187 546 829 -71 305 -305 466 -518 -348 905 -305 -339 80 24 -469 353 343 756 -507 -680 -193 -901 -203 568 -653 -387 -649 642 -74 -321 -274 121 -328 -526 -4 638 157 386 -51 361 521 224 186 657 165 29 -32 -321 -111 645 324 47 -472 
-415 151 556 183 -456 -67 380 -322 -234 457 -255 -718 -315 457 803 385 284 72 372 390 -160 293 -444 217 -580 -586 -489 -635 178 -177 -679 -93 399 157 552 -178 436 -138 -665 404 519 286 -853 -23 -173 595 -305 -389 -277 193 880 -162 35 13 500 776 758 242 -567 327 -29 252 -436 -212 180 480 -32 -235 463 254 -216 461 1 52 192 430 181 -125 -453 27 21 -106 -653 328 -469 -786 25 862 224 -902 -101 -416 -1092 301 -478 -70 447 -223 -369 786 
-85 -620 -6 -598 723 -589 494 471 -427 -113 -554 528 715 887 -264 554 264 76 28 516 -89 -237 -18 747 56 223 235 170 161 -263 -104 324 424 -44 -325 452 114 330 278 598 -305 331 -275 130 20 -642 775 66 296 285 -870 -471 -432 749 -694 577 44 102 -182 688 -9 394 244 34 426 354 -4 608 -536 46 100 -93 -262 -112 -15 220 309 -248 -370 43 -159 88 -527 174 -595 -143 -15 19 -301 -274 306 394 -156 124 -267 -413 130 -625 39 725 
-234 -152 -121 85 543 377 275 -262 -450 -93 189 186 176 -139 -366 -68 -64 -451 -49 -350 463 180 -115 -546 619 -146 -81 -203 37 -44 95 -396 109 -102 182 538 5 11 277 -387 1 464 -244 -33 783 586 638 30 161 -467 -60 539 -186 190 126 -76 -366 -455 40 -530 -438 -553 126 -31 -156 -696 -989 -93 -2 -55 -304 -460 -79 263 43 -551 -385 164 -285 312 -706 -364 151 -23 134 323 38 254 -124 -49 -374 389 -237 -874 -282 -724 404 -197 273 -393 
169 -483 -101 277 -398 -103 475 385 -666 250 -330 -220 -10 25 -409 -226 141 805 -181 220 -99 -388 -212 292 -396 281 974 230 39 -434 -100 55 -193 135 570 7 -211 378 105 -4 -31 -177 -107 19 -210 -391 -60 322 -160 196 -260 -766 -438 51 -50 692 -101 335 -143 -272 -4 451 634 256 293 66 -198 329 119 63 -300 296 138 325 -98 -51 -32 19 52 -72 185 -388 215 -912 184 -143 -181 398 117 895 -108 300 -305 310 48 563 -509 373 -32 65 
-929 -79 -54 -469 -548 -3 -122 -4 12 -544 209 -928 810 43 -175 -140 335 63 -218 630 563 140 -161 -284 -166 -61 688 -278 -557 -128 -919 -153 -28 -182 228 127 -84 -98 -777 60 45 83 55 -18 851 -459 629 465 -145 223 560 -248 46 628 515 117 486 -335 -348 270 -1004 729 412 -128 -108 -479 488 -583 -628 161 -209 70 477 11 708 -64 212 -295 626 121 160 -377 70 -37 -308 -65 5 -456 -313 366 1 -93 -18 -40 -634 -576 422 -291 -554 -176 
221 137 -265 -368 252 692 -99 17 585 524 924 -336 511 40 -146 -217 -370 770 -118 236 102 505 -349 42 133 -96 488 363 504 74 71 -12 -274 431 -670 404 58 -955 -122 -89 -742 -234 548 -153 -76 -381 -198 -193 -435 483 -241 -354 78 -166 63 -627 -231 230 554 -341 462 -15 -665 372 4 -236 113 -1131 246 -315 -111 266 -531 190 257 164 -467 -198 -695 -457 -299 326 -208 229 -120 405 -376 -327 -8 6 104 -668 -140 180 -145 784 -30 337 93 341 
332 -215 -140 -56 -36 -697 -270 -493 345 -472 415 288 38 -1016 82 -434 -171 255 -105 40 186 455 168 635 -361 -435 -356 -115 4 -320 411 -211 255 -136 -191 -521 300 -1086 553 399 -379 348 -5 456 -1 -464 355 318 31 122 -339 328 -125 -768 -633 93 -141 -361 235 -190 483 134 88 284 246 -87 213 218 -400 -46 -157 524 411 589 178 -294 -241 105 -92 201 -118 -286 7 -322 340 -39 -284 -328 -248 -644 190 -195 -213 -658 -600 -2 -296 127 51 701 
-137 44 57 231 -449 310 -70 4 299 -499 304 252 -30 201 15 -188 -26 -237 -118 -283 -332 -436 239 371 101 -564 1 -71 -235 -336 599 -132 -365 -74 156 -337 354 535 602 90 -215 145 617 -231 114 -331 246 -295 289 -432 -282 58 -100 551 -543 225 -814 -167 -279 165 581 -321 -473 -84 28 333 -947 617 96 -472 -328 -264 -196 87 -322 219 -133 -218 197 -559 -150 454 -16 -13 109 -114 -106 803 665 -135 733 10 -158 72 684 55 -163 -87 -70 101 
69 100 -5 -201 85 226 -89 213 -750 45 -78 737 -285 246 101 252 595 21 501 -343 555 -354 -281 5 337 -53 -579 -92 -322 -186 -22 -258 365 49 122 27 184 407 -32 -323 -519 158 -61 -271 144 -107 -218 -719 392 324 380 298 -244 293 193 452 64 -122 -922 262 -242 247 -206 425 166 167 -249 571 16 697 675 -316 -259 -307 -125 266 447 -621 29 29 319 -352 234 30 -659 -448 764 146 227 46 240 229 852 -217 -647 -209 -48 -333 321 106 
593 21 -741 145 -105 -198 -3 510 -365 364 355 -78 -469 -198 223 -126 -226 228 -125 -23 143 -19 -423 -132 -316 -222 -352 571 -151 12 12 -256 267 751 223 239 -483 -34 -123 12 954 252 -17 39 133 -47 -758 -103 412 -646 589 225 -440 -58 446 -660 240 -17 578 157 862 435 194 -307 108 306 -64 -254 935 871 -199 181 -928 -118 390 68 -362 -423 -182 -226 341 399 500 -441 -847 -329 282 -109 -1 418 -461 -356 255 45 212 212 -422 529 1157 -301 
-96 -160 -348 313 -126 -500 -436 -529 177 -234 718 420 38 -123 -183 185 603 -346 294 -157 354 -250 -57 -454 -47 118 -383 255 124 -39 -697 573 240 533 -247 211 7 529 -72 -414 -428 -15 281 -303 313 -769 -627 -214 -221 -583 -399 321 360 -618 38 -638 117 154 -456 18 -339 171 528 -1015 282 396 -354 -641 -221 298 -1 -638 121 60 -579 -394 22 -296 133 596 591 768 320 -176 -1008 -305 -72 -119 31 110 -533 904 617 -391 -433 372 993 38 115 420 
559 -5 850 -114 617 656 496 337 613 -352 168 -202 973 223 -21 766 36 532 -129 514 147 -251 209 107 -87 521 245 -575 90 -477 -325 744 -283 605 -63 297 156 -77 150 -7 -595 -272 -299 -516 -225 -130 -187 410 -513 216 105 -31 -334 -602 222 -31 66 216 -51 -309 83 -28 265 -79 247 -323 -365 -93 -240 269 -41 634 -194 373 122 -818 -232 204 -111 -303 393 -153 140 324 -153 -145 -61 -144 299 56 67 485 564 670 -190 -69 -268 -178 466 528 
-60 -467 -675 -142 -115 504 64 -182 -59 180 -751 326 -269 185 168 -100 -317 628 59 400 -204 -200 357 189 -22 -337 -77 1 -262 102 -159 172 -41 44 48 -297 199 -511 277 1008 -12 205 -413 -174 -157 148 -905 -102 -206 -136 -64 744 313 130 -739 -557 86 -86 236 81 -5 130 -43 -257 -105 44 431 -141 -150 -313 -591 -760 -135 -188 -358 120 -161 -235 -279 -591 175 -122 78 -218 399 -220 384 120 -645 545 313 -153 627 -21 257 123 337 99 -260 -27 
40 -106 -524 -170 -132 -586 -80 441 18 -342 -281 575 58 -136 -845 133 -147 164 92 546 -416 5 -112 -269 -82 -410 313 -222 -501 -234 167 59 -322 -232 267 165 -142 -450 290 304 -311 300 -138 170 -127 -787 7 -306 -262 382 -700 507 532 60 -218 -34 132 395 -105 -205 -634 365 939 -115 -139 312 47 208 414 -314 140 806 1073 173 307 -460 -99 260 -115 531 78 -132 385 -15 172 166 320 -689 -213 362 -226 247 -607 -481 -648 -201 339 289 651 253 
-401 459 297 80 787 -440 -77 -197 425 -799 393 -108 4 405 -22 368 -268 216 -569 6 815 464 -55 438 -123 -38 -146 11 534 710 360 -66 194 336 -103 333 290 -447 -97 128 255 -191 566 163 -134 48 99 677 -45 93 111 -388 412 362 -32 -383 -64 -199 121 -13 -715 -744 313 -188 103 -162 14 -637 -584 115 -265 -383 -132 44 496 411 127 -347 -294 -35 -704 540 457 -334 155 502 -241 332 -62 -34 154 -300 98 -289 -456 706 438 -104 143 570 
50 271 277 77 196 -476 335 -40 782 107 -876 521 -293 -240 232 140 -336 202 192 -261 -576 525 627 253 -152 6 458 -125 -495 180 16 76 455 -94 457 -277 -248 178 -456 53 -287 202 -207 -607 -529 -231 -436 -87 -282 796 -220 -592 629 -632 -563 -444 191 -226 -98 -12 11 -167 -278 -204 127 308 754 -444 -165 46 119 -101 785 -632 544 -227 295 -196 -152 -141 -367 867 -45 -33 355 242 109 305 -455 -407 -13 -565 -527 916 -431 501 1095 -33 -307 543 
-785 9 -274 362 -62 282 -194 -45 -1068 -10 -250 -61 15 -342 -20 179 521 -661 333 94 151 126 -277 -58 339 49 22 622 48 -238 444 -266 422 447 -551 332 60 142 230 -377 585 270 67 -396 512 -508 707 -208 -29 226 -372 -56 -176 -142 365 223 -763 -114 -490 109 6 99 839 -198 -692 846 188 558 398 -7 -216 19 -71 -598 -107 -107 244 780 79 849 152 -74 13 -287 -461 -450 -267 12 239 -104 -390 591 -354 -295 -244 -233 507 46 -177 346 
251 693 -60 314 -605 76 588 -79 171 301 173 -334 -40 -56 129 -345 -199 141 14 -638 677 456 404 -8 327 722 -270 -39 -547 280 -916 -495 -75 -36 -224 -322 -214 130 38 29 -184 234 -601 -415 -303 -127 -44 -221 -117 107 -214 120 224 -109 -236 -106 -482 -876 345 -438 -318 -116 -547 -389 57 317 603 -1190 389 -60 -42 -820 -65 -221 123 -54 -529 -254 -769 -13 -258 228 431 254 -42 -166 -84 -437 -825 -141 -367 -1032 -116 245 -110 499 -41 375 -63 296 
-164 -32 -24 -218 -213 379 339 219 251 -218 -22 389 287 570 293 -531 -59 279 -121 264 -220 -195 -10 438 -312 504 178 164 390 313 764 343 -376 284 -367 22 584 -200 -3 847 -424 80 -272 -475 -128 -118 212 128 -147 464 36 164 448 -78 182 182 -512 -379 -175 181 177 -91 -266 415 -229 197 381 -93 -1 -934 -100 -263 -370 472 81 827 -141 309 -262 -1095 -670 -433 -572 706 297 -31 343 -501 -868 -80 54 -452 1008 462 320 -198 -470 -610 -591 188 
440 200 597 -537 -650 -903 -418 -218 -406 304 175 106 152 -137 297 186 24 -660 102 -121 509 386 558 -56 485 180 -485 783 -396 -391 -410 901 110 326 -164 -459 164 83 -766 -607 145 240 310 -211 -134 254 -468 -590 154 677 -160 -228 -187 -206 171 642 93 216 -333 16 287 -443 -129 -418 -104 121 538 -283 -104 460 251 -324 -501 -275 114 -272 177 -119 -91 152 -433 364 463 88 -254 -529 38 171 67 10 482 48 -207 469 -192 -140 -47 564 233 -367 
533 428 -61 -459 -389 48 -574 -660 166 546 -349 149 359 37 182 360 -551 -539 720 165 -75 330 -367 -356 -117 -72 198 583 1 -345 59 522 -90 -303 106 -465 16 367 -191 -895 276 -550 25 215 290 -463 413 312 -158 -121 -206 -81 288 -127 60 17 -683 -192 -759 227 320 85 3 -186 -605 192 -76 -252 311 89 -31 375 150 -137 -83 -401 79 1127 415 -322 516 -76 -422 -309 632 -292 127 160 275 338 -554 577 85 80 -179 -572 317 -246 -158 48 
152 -264 -69 389 -185 -153 135 359 -50 347 -73 -30 181 330 -429 249 -588 256 -436 193 326 330 -397 369 173 459 248 245 178 268 -519 518 27 -55 -916 212 318 53 535 -22 -331 145 -237 -106 72 -5 67 -133 -206 202 74 -564 -555 58 -320 151 276 659 71 -153 -248 115 140 -30 43 -471 -296 -115 -174 -45 -83 379 -498 6 -616 239 -503 198 144 -184 68 480 441 -301 -587 -327 -272 -123 759 -48 379 11 1079 258 411 402 -81 -158 -124 -115 
