Matrix size: 100x100
Number of threads: 0
Execution time: 0.00824377 seconds
Resulting matrix:
-331 -339 -409 187 541 7 128 381 345 -1084 228 89 -191 389 419 -191 28 393 288 -240 510 205 -170 325 45 -225 233 188 35 259 -339 -4 -1 -214 416 -79 219 241 249 521 -44 -74 356 -183 -363 -828 70 234 -237 884 -310 294 474 5 -2 247 -464 546 -20 -447 62 773 552 83 -284 1095 497 -333 -102 170 -104 -549 -419 -3 -40 315 37 -666 239 -331 22 266 185 673 -137 -202 -62 381 397 230 -109 174 638 433 343 -11 -182 -630 -94 75 
-124 -38 -307 713 -531 263 -90 -527 -276 -915 514 352 48 -594 8 -223 410 217 152 97 386 659 -527 63 -304 -566 517 528 433 44 -393 204 207 -207 285 -93 34 356 -190 669 53 81 -294 -468 -312 -604 -72 303 -1041 -90 -658 -111 92 508 829 324 -45 221 -450 -216 485 777 -302 -35 440 374 -464 804 -330 -375 -164 201 -88 -122 -62 -418 -451 34 303 480 213 -464 553 735 -209 294 60 -153 -511 97 549 144 -283 -152 176 -16 -468 -162 -49 290 
39 -451 121 -207 523 -39 398 261 177 -270 -293 368 54 -341 134 -206 103 -227 -153 -13 13 -520 -203 165 -666 -509 -85 674 766 -168 -171 403 -156 -142 253 184 -320 64 174 -28 125 150 -97 158 -134 176 287 500 27 -279 -83 -167 -171 -510 492 -324 336 192 234 456 57 543 243 229 61 -114 -623 446 3 -331 -172 497 390 -431 382 -322 -34 -430 447 -207 -408 -653 331 80 362 435 646 415 709 -451 544 -168 429 262 302 -118 399 -369 -471 -472 
-484 -428 268 508 475 416 41 340 757 -278 -184 -151 167 -39 249 -17 -950 -567 282 -442 18 472 -97 -348 205 547 338 -383 -135 462 -409 -489 18 -31 -294 -117 -587 509 92 31 598 75 -241 253 -353 -349 510 221 -118 23 -609 320 -121 16 436 801 -26 432 -539 276 -274 -408 -192 -275 -197 905 -47 -262 -614 206 -231 52 172 -172 556 -100 696 -290 116 89 369 251 -471 453 315 90 -124 336 347 335 165 143 138 145 609 -36 274 231 398 -106 
-173 -224 541 -54 -287 12 663 -1161 3 79 -5 -547 -5 -473 -329 126 72 -8 -178 -308 186 -186 -431 -143 44 121 -160 -67 -144 -178 489 370 -5 -765 -175 -354 227 -1002 -51 885 -695 -215 61 -778 200 -5 61 114 -250 919 169 -125 363 -418 -222 222 766 -122 -126 64 -384 116 285 212 235 414 101 -469 -174 205 -590 946 347 733 -389 -174 344 727 194 177 149 311 329 268 -286 319 40 -69 88 -471 -153 9 350 -303 253 -257 -15 -312 -431 2 
78 -268 113 25 -318 -165 421 -458 354 585 329 595 217 -354 128 -281 -521 433 -107 388 -495 -227 -104 208 65 179 -144 -253 -746 -660 121 22 101 -77 -193 854 111 -515 -644 21 -185 202 372 -455 57 -42 -503 478 -569 16 431 88 148 -197 -1064 302 -348 -76 556 238 18 458 -179 186 107 20 -379 -382 -21 498 -1001 -524 432 -49 -447 484 51 -449 53 306 -476 -265 -12 -113 46 -398 -325 -344 -23 -298 -351 305 -99 -188 -310 224 299 -444 -713 333 
657 388 498 -310 -184 124 -480 25 655 379 -244 221 287 -89 -157 562 197 153 -69 586 76 36 -12 -66 522 428 30 -373 -752 152 -4 212 11 -408 -59 -697 183 207 1008 174 -593 -286 -369 372 -7 38 -124 308 -330 -80 19 66 128 -172 -299 101 -393 378 339 -240 -473 -23 -103 -11 68 -217 431 -599 -554 -365 204 -142 -157 257 -27 0 350 -444 372 718 432 -462 291 -690 246 -36 468 -197 186 342 432 305 87 182 -197 -336 -323 -499 301 -36 
21 603 -302 185 -601 -411 196 232 -632 438 -60 208 -54 -453 -88 -20 410 -636 372 -99 158 -438 -111 48 185 -166 -46 207 619 80 199 279 103 33 -365 243 -557 176 396 -26 1 5 100 -268 55 -716 287 -673 -463 -352 570 138 -354 119 -271 523 499 -110 55 303 465 -596 312 -309 -88 -145 511 -333 -253 200 257 -190 45 -52 -761 -492 -224 283 -193 -862 -608 -451 343 -1080 447 -344 -6 402 470 73 -614 438 741 51 -156 146 -149 395 46 -9 
136 -357 418 194 468 425 427 48 453 160 251 -116 67 -31 -321 -428 89 22 -420 -276 -643 467 -458 120 19 413 264 876 486 -214 147 317 783 -274 -275 193 380 -246 -379 374 -612 152 -527 -876 194 445 151 203 -123 -343 205 -298 326 -340 232 17 91 382 296 827 819 -108 -407 -267 553 17 0 -541 -445 511 -473 593 -499 -194 -365 -228 -580 344 411 -254 92 -195 -1121 151 131 443 581 169 -131 1 -62 -375 639 569 -159 -129 -84 1 254 -571 
-99 30 -274 -653 474 -57 -418 -288 120 77 108 -88 -203 161 -63 -28 -1034 -107 -536 -296 46 -153 147 -257 95 -583 156 -416 247 164 51 -268 -108 205 128 -101 -682 124 -597 48 32 412 -339 498 -651 194 183 -20 390 -132 38 -265 -735 70 550 206 -30 450 27 -536 9 -536 239 139 -141 93 -51 65 483 -711 -41 574 -96 -466 37 -132 -227 415 90 211 106 10 511 326 -384 -594 72 -125 -1176 93 73 -514 -431 -19 -233 245 -103 677 -44 277 
378 317 -394 384 199 -193 -702 154 98 365 333 -198 255 -232 273 162 -202 293 -305 -8 -548 -207 170 -111 -647 398 447 -324 367 -830 37 -228 303 729 -420 514 -164 181 -82 133 -219 -91 -9 -22 251 896 216 748 314 -516 557 -226 -115 -311 -100 -273 -970 99 108 318 154 -411 66 -229 -369 -207 -141 67 -104 -95 -232 -326 322 -824 -313 -271 -276 -868 260 285 86 111 -316 339 383 -125 -251 -88 103 142 87 -459 76 127 155 -271 333 376 -136 -296 
-454 -198 83 30 -14 171 664 -344 -268 -365 116 63 -17 -429 -178 -148 253 662 -604 -241 -408 717 -356 -216 -331 -442 1306 941 42 -719 -559 -738 -620 -136 496 -185 318 -275 -685 -279 -492 -318 -325 164 623 427 -128 269 -492 -251 17 -471 -714 -79 1098 -207 -189 341 238 406 -103 -240 -415 -661 403 277 272 -130 -404 83 -534 510 -104 -192 10 491 155 -182 675 241 27 -563 492 787 -4 523 90 -125 575 -128 656 -614 -748 199 508 -208 -369 70 -119 7 
398 2 -62 467 -346 236 -587 280 437 497 468 -58 221 193 21 167 -288 806 72 324 71 377 -257 -522 298 207 683 492 -857 246 -425 299 69 287 -179 853 86 600 -368 190 228 -35 304 -323 -341 -276 -349 -129 308 -444 363 66 -299 112 58 390 155 -91 -247 403 729 -345 -146 -91 138 418 -158 254 -128 -183 277 -752 -476 -115 83 409 -394 124 -289 -244 33 570 -480 705 -52 -732 -95 -46 -318 320 469 -422 99 3 464 646 -4 282 -324 105 
413 -757 -802 653 443 -223 -263 15 197 -31 -24 595 -194 -124 476 -397 279 170 192 41 93 66 -196 -15 368 -354 -94 951 -756 1013 119 224 -655 -230 -632 -232 -67 166 -51 737 -446 118 630 -43 -334 625 120 -65 334 103 -763 360 847 -22 -45 307 205 197 -320 280 49 645 -294 234 314 -84 -411 2 489 221 89 -59 -287 227 -67 -568 -802 -238 163 -293 -423 573 18 314 -9 -103 193 -852 386 -342 148 -319 -528 740 661 215 42 289 -356 -171 
19 -241 -306 87 53 17 155 -145 -20 -411 244 -222 153 -185 38 -805 70 -354 326 -167 -41 167 -50 912 8 -485 -233 273 469 151 286 -569 -314 -38 122 -668 606 -156 -249 -488 -153 -188 -447 135 -50 247 -665 -18 288 235 172 -554 20 -35 170 95 -297 -240 -372 700 215 194 392 -436 402 217 359 502 368 307 38 -8 21 -523 111 -226 -465 156 -259 -308 -478 -282 -882 682 -323 136 -109 256 85 164 224 537 -140 -337 108 -588 245 -3 -268 -15 
435 172 -82 484 -552 442 -129 40 -538 312 70 130 198 457 361 -170 327 103 -20 -125 362 261 286 -231 54 234 279 756 262 -333 -69 522 -316 427 -300 349 277 -149 269 -631 280 -114 241 -718 160 -498 -248 540 -257 444 397 10 56 69 -296 -334 243 -408 52 52 -227 225 -796 -152 -166 222 87 365 99 168 -14 -391 337 383 666 324 460 20 109 414 287 -67 464 -32 276 102 538 -267 335 -104 455 296 -945 -222 -20 166 850 31 70 -185 
-731 174 -401 301 91 380 -256 47 148 -18 -498 154 -764 -227 -144 1019 -473 65 504 -362 412 16 -218 -393 389 794 814 -290 223 -684 -252 90 91 -236 -130 508 -266 516 273 596 237 -818 721 372 -316 -93 -482 -75 143 -37 -518 -461 294 156 494 212 383 270 46 272 59 -129 -236 295 -538 367 280 -316 -698 342 -594 -459 -64 347 48 549 12 930 -207 19 -184 642 208 156 -129 -241 95 363 -345 251 -193 -122 -110 67 -272 104 34 -235 -108 97 
180 253 45 -180 -778 225 -482 13 -518 -57 716 -937 115 -363 167 107 127 -611 92 -231 -244 14 621 -202 47 592 15 -234 -230 421 -213 73 -181 -319 -603 -451 133 -193 89 -52 145 -63 -58 -299 192 -204 -105 -332 235 -385 -128 -117 -43 -386 -74 -269 1046 -210 -646 136 -534 -533 575 341 -341 -444 -48 254 -137 -307 313 98 58 138 -213 135 441 861 -698 -416 211 694 -128 -451 13 52 263 613 475 248 -188 399 -112 -89 496 -59 80 -132 -184 243 
426 -567 439 584 -356 218 -101 -149 -204 -94 880 -401 299 403 32 -738 -582 -191 130 -894 156 -75 147 665 -310 -229 478 453 -28 -11 -128 -162 12 -48 -276 0 495 -570 -734 -280 -423 -260 35 -415 58 -277 -482 580 77 -1 403 240 -629 -233 639 164 -141 -72 -11 418 135 -64 131 -309 349 91 -199 -273 170 -384 -514 -67 240 -128 64 218 169 500 20 -397 27 265 -557 -312 -295 281 148 373 -350 -515 684 163 -371 -730 500 -265 403 34 325 -182 
-71 -536 -44 -87 -161 770 55 -368 683 -55 77 626 -293 225 -299 -216 -405 513 -492 170 -607 67 -259 295 211 24 269 89 -51 -98 232 -679 308 -328 404 561 291 -465 -605 574 -432 294 102 -628 -108 -155 -60 454 185 -421 -319 -2 245 497 354 -496 -611 165 578 -116 -155 118 100 136 124 93 -258 -132 177 -165 -702 -31 926 -593 283 158 -46 -200 389 -4 97 -170 -206 18 22 540 -2 264 -384 11 130 -17 83 -160 -653 -404 32 117 242 281 
151 612 99 -225 -5 -150 -105 -531 -438 338 -153 122 100 -850 -308 293 153 -126 416 356 -188 -351 252 -305 -164 -159 -483 -308 125 -96 -767 -18 67 741 219 -252 294 194 208 569 -186 -589 696 43 442 281 130 112 -206 -519 137 -206 195 -273 99 328 589 -321 -16 105 -119 -250 -439 107 -320 -413 205 333 -359 -286 404 135 290 83 -173 -497 462 700 2 -146 -290 113 155 196 -217 -37 330 669 -150 71 471 104 871 13 -422 461 -351 -212 -209 -179 
443 480 42 297 287 240 -922 -533 347 263 -781 596 -88 96 189 319 665 24 -93 615 125 383 22 -766 456 258 -477 450 442 -82 425 270 180 620 -432 -279 326 632 370 594 428 -1081 237 839 -413 -227 460 478 229 90 353 -44 642 -105 372 231 131 31 -93 -714 290 -44 -413 -290 -336 357 -198 -223 114 -368 -4 608 615 37 -156 -530 507 53 -155 -117 -579 272 598 -38 -536 240 656 86 7 422 -151 -384 407 142 364 282 -136 -133 275 -611 
54 109 -176 -7 303 89 -153 -82 -182 -329 -140 271 -444 -436 528 -167 272 735 122 234 -7 -387 534 -390 23 565 -118 -302 -491 -346 -42 221 191 -365 443 429 101 52 671 387 129 175 157 -304 -82 -722 -119 -121 -276 118 -462 -154 -49 415 165 -277 -186 -416 2 -379 -81 323 -61 618 419 -276 -92 276 88 -34 493 -208 66 418 169 377 152 -216 -390 331 9 270 144 64 -335 -23 -196 -198 -66 541 112 623 240 43 134 -282 -468 -416 207 348 
367 -460 -91 529 -1 -209 -225 455 465 217 -130 -436 16 -367 95 -215 375 -119 77 -81 -133 -499 -3 158 79 339 -405 259 -444 -185 -65 120 534 -23 -280 69 -142 471 -150 -110 -385 250 205 -186 389 108 9 -308 225 -381 72 192 248 -271 -82 -107 34 67 -320 626 -60 -351 218 243 374 -532 -292 190 -251 9 355 189 -605 286 -227 -29 -233 60 26 -260 -647 327 -490 -565 425 -18 -197 -329 371 -541 -588 -143 -395 76 -370 -267 138 234 -451 -311 
484 -477 131 -246 257 -393 -57 397 231 -506 150 286 -259 -395 -44 742 158 1 -44 -292 414 -109 -289 530 -260 -419 -349 461 -728 164 -474 77 -308 292 327 -470 396 -605 417 -294 -347 332 850 -193 -100 170 -408 362 -410 -287 -71 -357 0 -516 -451 204 -311 177 -168 -114 -532 357 39 -104 248 233 382 -548 214 482 157 -89 -421 91 96 785 76 -389 116 473 -160 -423 -419 376 -619 -465 544 13 468 -134 385 -264 -132 167 386 225 277 -341 -755 -531 
495 -836 -553 786 643 -426 -258 -204 145 -220 -446 -35 91 -645 -392 303 -3 282 355 -254 -251 235 -234 -436 -355 168 112 442 28 288 199 397 145 -118 -354 246 341 547 -71 308 -27 -250 415 361 -2 369 331 -117 -313 -629 34 8 72 -152 -269 1113 236 -277 -270 256 473 -109 754 -83 29 -143 -52 11 -176 -116 -50 701 -127 -3 -444 -599 218 -120 339 -552 -1353 401 415 -394 6 -490 199 171 675 482 -22 118 -382 43 839 -119 -74 -360 -333 -170 
104 -393 -362 307 -88 -72 300 170 112 -355 114 -138 713 313 16 -385 -467 369 193 -308 577 482 203 -80 -448 -33 650 447 108 88 237 140 -103 -594 -330 27 161 1165 114 329 2 183 158 -757 -271 -408 417 -68 -404 -185 -567 413 362 -39 777 43 -166 785 -182 -72 -239 149 -238 126 106 -19 207 -207 -26 116 -211 -472 -773 -42 44 -163 -317 1 594 155 588 -362 -334 343 102 -312 220 -385 -97 64 79 279 -224 110 -429 -644 288 103 -110 -249 
-75 -302 320 -1 1052 -457 216 65 51 8 -121 -61 356 402 3 24 -278 -311 -26 -45 296 -241 415 -563 94 51 152 -368 -410 357 58 -591 -39 304 136 -211 -601 -49 277 -78 165 279 112 513 83 454 998 11 422 -142 -214 444 -402 -874 -44 283 373 35 -275 6 309 8 -132 -376 -54 105 230 312 -428 -610 269 425 -661 506 218 -436 147 371 100 534 623 429 -86 20 438 320 -297 -366 -667 -355 62 -154 -44 945 199 -329 449 283 232 62 
328 441 93 -260 -69 -33 209 -655 35 21 90 -51 566 -255 -372 -238 -618 220 -528 110 131 -675 -281 5 832 579 27 -115 211 -42 -535 -177 80 -761 -480 310 135 61 186 196 -150 -300 413 -1250 156 -237 -224 -241 260 -351 324 366 290 -232 -509 -161 133 359 120 583 -364 -265 164 -308 139 -52 125 -114 -175 -246 -424 352 -114 -627 -663 -498 345 127 691 -30 -257 141 -64 -481 611 -363 -160 247 12 -568 -358 -25 344 298 -854 -861 -39 82 109 341 
-157 339 -40 -770 -365 -28 821 452 204 653 -211 -57 -347 624 -42 305 356 -449 -413 -289 45 -55 -170 -156 -311 458 282 -91 774 -69 -154 -77 658 340 -228 -1004 -327 -28 381 72 252 -483 246 -385 180 385 104 843 118 513 770 -878 98 -52 -767 154 -256 619 -81 429 -161 163 -320 -46 -534 -183 207 -708 -270 338 190 -297 -337 223 377 15 301 -309 127 721 118 26 -573 -455 321 126 369 -176 379 168 -220 -63 -272 -97 -728 -493 581 -226 556 -621 
664 200 106 38 -78 690 169 -753 -341 217 -138 -501 429 -263 -155 -21 -757 -48 -70 502 283 162 -343 -420 200 194 -388 -883 217 -248 261 -583 -355 -163 10 18 -410 267 4 -275 -40 -289 -343 -97 10 140 283 162 -109 -177 58 -21 -269 105 -784 362 634 213 117 -243 -404 -238 -325 -396 230 495 -134 181 235 -97 -7 860 494 484 -247 -334 523 45 274 204 57 -660 -860 -419 0 -58 -29 -10 -59 -204 -303 312 385 -130 119 -403 452 -259 197 -178 
-527 191 -67 -87 -233 30 -81 -64 138 23 -69 -450 -90 -48 149 456 -494 379 178 -587 -48 -6 261 456 355 -70 706 -167 -401 -559 -178 301 -79 -19 375 698 -374 427 -188 -211 487 539 -113 -209 -9 -52 89 344 381 -21 -272 147 92 334 234 82 -645 633 71 -620 -419 248 205 65 102 244 427 242 -185 24 -84 -2 176 -418 -486 -513 325 552 611 69 708 174 469 278 -355 73 -316 283 -898 -233 360 391 102 90 -493 224 -128 -17 615 460 
-570 246 132 11 512 -850 -71 -470 -531 -727 -357 -206 -273 -508 -124 -701 1046 173 -12 -641 -123 -234 -7 -366 333 103 -588 -321 -808 -323 588 18 -546 -252 405 -465 85 -12 204 544 -197 622 -102 -175 340 -751 218 -795 -323 2 -772 -148 381 448 -88 -466 -345 -255 126 -286 -109 138 40 478 -250 141 371 168 -79 483 57 168 307 -732 189 -307 -83 -314 219 672 64 99 -310 -117 -419 32 -924 -116 76 125 -166 -26 105 -68 90 -90 -450 296 233 -159 
-427 -599 -219 169 778 -135 -154 713 299 -379 -420 76 51 190 -109 -573 -1 -113 395 9 -623 116 92 600 324 98 267 714 -370 -541 201 -215 246 -608 -323 130 214 -168 -392 151 -692 601 404 206 381 442 -193 411 334 412 -293 95 -560 -368 202 215 -411 75 -290 448 167 36 615 361 235 -375 533 377 -1 -299 -579 -348 -221 -297 183 -422 -56 126 674 -451 -467 308 114 -363 167 185 161 475 18 -115 957 285 -627 60 -225 -111 -349 -188 154 -141 
-141 -413 78 4 84 -225 365 -72 232 51 -63 362 -296 -70 -54 -426 175 -149 38 48 450 -430 -40 311 -322 382 253 203 13 62 -586 516 36 -554 -235 -261 625 -165 348 456 269 -183 143 333 -373 13 -105 -177 -216 127 389 156 -517 490 -102 410 369 221 25 -11 521 567 431 168 -104 408 34 13 43 -27 333 -28 324 3 -68 154 166 134 -36 -125 -618 -430 850 -383 -122 49 -596 347 661 -93 346 -15 -6 590 -373 314 -86 -184 614 214 
-88 -284 -29 355 219 146 -22 314 -531 -382 284 -57 -159 -562 235 334 -300 -101 -246 -31 -184 -72 -477 -147 -918 360 262 157 224 -140 308 -57 433 555 95 -32 13 160 -274 -276 -61 330 -363 435 -553 421 399 -118 -43 -27 -112 -437 -340 234 247 673 -278 -167 -371 448 500 -100 454 -174 -354 130 -133 418 -206 -376 134 196 -218 -147 -336 612 -358 -58 -76 -624 248 189 442 481 122 -374 290 -314 -205 737 108 -452 -300 -18 536 161 504 -213 -445 120 
184 417 -47 -241 734 108 -642 -441 48 -99 -679 -342 -42 122 62 -112 331 777 -583 601 400 140 17 -695 -127 228 -149 -375 544 -507 733 -522 15 256 207 -383 -297 446 319 -21 129 -1032 -31 39 -171 -60 -1 607 69 129 260 -357 277 364 -855 637 -489 111 52 -128 -152 -517 -455 -676 -507 224 927 -239 -42 -290 -65 235 -17 -226 17 54 307 -358 252 412 272 31 -35 113 -34 -214 165 497 -470 278 35 -139 367 101 -609 -62 -226 442 642 -10 
-276 546 -360 -250 77 23 -527 200 -273 142 114 545 334 -125 316 -740 -782 -489 -398 56 -310 116 432 115 553 728 40 -414 309 349 710 160 466 -102 169 -131 -180 -120 150 -215 -1208 89 -405 347 -445 446 -103 -281 856 -94 23 277 -78 -121 -512 196 76 -45 169 516 -194 -291 181 152 -255 -630 -69 116 164 -267 272 -120 -99 -633 -125 -452 -515 -178 -128 -242 -118 -300 -438 -96 826 -824 488 441 96 948 2 2 -211 355 -533 -314 7 45 177 -105 
295 409 -93 -287 657 -62 21 121 -165 87 -119 83 410 -204 -286 -391 61 309 129 -447 194 110 96 -615 724 54 -591 -155 305 104 -520 234 -76 368 54 -964 396 263 454 -276 74 -305 -576 55 -245 -74 -73 161 -755 -244 425 180 -179 -543 149 372 -464 -218 137 600 -276 -424 532 -506 -205 40 -110 -281 -63 -319 -175 311 -8 12 -37 -53 665 -725 -365 335 -154 -269 -22 -76 768 -541 -110 749 512 317 17 -90 169 484 60 -30 6 506 -56 -194 
-600 -180 12 -327 -94 -203 570 353 15 -184 438 316 -182 -3 -276 624 560 67 -261 -398 -6 -225 -508 485 -502 79 601 579 -142 -130 82 256 363 309 -332 279 450 -621 121 -44 -251 513 333 132 -177 638 -39 -246 189 -725 246 -789 420 446 367 -85 -343 14 -158 609 587 74 348 173 -137 -381 -244 491 -292 187 -90 207 333 298 382 14 -371 349 -218 -205 -108 -157 106 527 -502 -52 -198 -201 278 -291 -131 -376 132 40 -113 308 389 -86 -159 -184 
549 -65 -73 335 806 1 -590 95 310 139 -317 -376 620 231 -423 -950 -168 26 -339 -408 348 -255 355 -463 403 -1 788 234 419 391 118 13 -152 39 -244 -91 392 102 -448 75 339 -843 -371 377 -319 -118 -381 -350 888 237 82 -60 -336 -46 -49 254 108 175 122 71 269 203 -155 165 292 412 14 202 490 -88 -115 -240 372 -316 184 -56 -426 357 421 -329 -738 453 -294 586 446 42 252 46 194 -7 514 -555 -997 -31 289 -265 493 -177 611 -202 
-147 194 172 -113 -134 316 26 -86 -408 -530 410 410 37 -392 21 57 798 -297 -209 -602 -604 -10 201 294 398 -101 259 510 261 523 -458 348 -166 212 -370 462 -13 -450 228 -467 181 610 -58 -272 -393 -276 143 -285 247 -846 80 -392 260 80 310 205 -110 -2 -499 245 -630 -8 -273 -85 -56 155 -415 120 -205 -7 -36 -279 583 -261 -217 461 -161 519 441 -389 -17 -469 298 596 -234 -299 776 613 620 -294 612 -396 369 376 -152 308 -39 428 -264 267 
217 -78 709 -278 -248 -525 86 813 461 294 431 -51 -191 -92 158 320 467 -385 523 -68 -493 -175 285 83 -245 -505 -628 528 -317 153 87 -221 -137 -63 -177 168 -94 92 20 -475 462 579 -99 -387 463 139 -173 34 179 121 262 55 221 -559 -234 -199 -388 -467 -268 113 -291 111 -190 -279 502 0 -417 521 302 43 503 -104 -408 176 -304 -53 -25 -184 69 50 371 123 -31 -227 -129 -332 -342 -294 -204 -195 163 6 81 8 -35 554 17 400 51 397 
-146 486 -400 109 -419 -492 -709 -468 572 18 1 -122 859 -682 175 445 768 561 -466 901 329 551 345 49 -217 -178 -454 -112 -315 -112 -127 -254 -416 414 -165 -391 1013 301 195 -477 -227 215 -375 -461 -130 -503 -792 -606 38 -396 -141 -619 94 33 114 -287 -485 -167 -752 -606 -700 81 179 -152 -134 669 -148 291 525 873 171 -543 141 -253 360 -37 76 -551 -610 230 -9 -939 20 331 -409 -110 -489 -240 -285 -158 -594 194 -534 232 -88 -28 -313 220 152 -116 
124 -63 -124 680 178 398 -226 -59 187 -521 -122 -61 -258 -219 -367 229 161 155 -149 548 -665 -99 -97 154 776 412 158 14 -406 486 414 -156 453 -150 -730 966 210 424 -154 -158 -182 179 6 -254 -235 -529 51 -274 355 579 125 41 -517 235 266 -506 -22 -116 166 -184 -152 748 43 186 21 249 653 -47 32 522 241 -408 -131 -86 -145 206 -41 -161 743 -99 -375 843 -148 -175 -698 314 309 -507 -292 935 -391 652 -58 -605 -67 -306 -385 -336 -160 -671 
-95 143 187 -106 897 -398 -120 922 542 -116 -389 501 -560 373 -168 694 -36 232 25 1 -551 149 -181 -306 322 156 173 213 -567 -44 12 44 142 -216 -118 93 -284 187 395 -282 -310 76 95 170 -43 529 454 153 -558 -281 108 151 -249 -511 -637 -417 -131 163 68 94 -398 126 -78 -42 -164 -550 219 -225 -12 547 103 -318 -104 67 -28 263 -176 -666 231 591 219 103 -135 -344 365 28 -146 -479 454 801 -18 -376 -623 729 230 681 506 -532 -424 -563 
-533 -82 135 161 20 -27 597 -313 141 -308 369 -600 36 -133 -408 -29 -560 505 -257 392 111 275 -151 -177 -254 -539 396 469 -357 -15 44 -299 -375 -19 -67 -298 331 661 -750 453 213 252 -303 -33 -6 174 362 352 -418 -128 -122 -279 9 -323 381 -27 79 -173 -51 -259 216 240 -91 248 -146 -119 104 208 351 -524 -211 -23 -91 -109 528 -125 350 22 904 189 277 -199 -203 320 -657 130 -217 -242 -209 -222 -404 -494 200 -218 348 -42 -474 72 -573 198 
-40 114 -37 324 -305 -428 -209 429 374 -115 180 577 -217 30 -143 -87 417 -387 547 128 343 3 764 494 -151 -178 -266 -93 230 103 439 518 523 -21 -269 -488 12 73 325 62 -28 -31 288 218 -211 -468 517 -157 -167 -685 55 61 -126 -74 -170 178 514 -222 -68 286 259 -543 525 -295 -445 -572 369 149 -299 -514 589 796 200 -29 -229 -790 101 65 -256 -304 -211 119 -630 -733 -118 -207 257 821 230 76 -117 422 612 410 -675 -90 -196 54 520 -49 
-32 57 -63 -107 -476 196 -322 -462 -218 -242 -116 140 484 -159 -274 -141 111 -338 -333 -171 -226 -124 -272 159 66 -144 -516 190 -137 113 -170 -219 133 450 -43 -41 -464 -842 -150 -513 -283 43 290 540 -25 291 -161 113 524 308 -616 -110 -105 741 -210 -319 343 170 157 385 -181 -18 -10 115 140 -191 -689 224 49 286 397 53 -25 274 -400 273 -192 228 -659 -821 -49 348 -417 173 4 -87 324 -170 273 -47 -47 -343 -70 -364 349 41 141 5 17 88 
100 -39 -246 -748 -401 348 -400 4 -193 -32 -540 -616 71 227 519 -110 403 -685 -183 714 -349 -495 83 169 -18 13 -20 -595 393 -73 210 321 -48 -326 -401 -688 -746 -778 -301 -83 352 -504 262 531 -245 386 -274 629 305 136 -237 -167 -286 261 -838 390 268 392 443 -705 -187 -53 -136 433 -421 335 -104 -21 105 -6 -163 -69 412 416 -524 -127 -474 -100 -474 -561 107 -338 7 -43 223 95 77 -191 -194 -230 91 -299 39 55 -174 -471 437 -65 -198 -14 
25 -776 81 464 -48 -259 -275 -512 35 -407 393 -57 131 -62 313 -405 -228 -345 100 -246 -514 -59 360 108 -220 -192 -43 37 -644 -340 -346 -631 -11 -349 -208 130 270 63 -644 383 104 -35 948 76 -41 -210 -595 -71 568 421 -556 115 15 572 -102 502 -929 533 122 97 -150 210 869 576 -443 -105 47 -234 -221 491 85 -448 -595 -394 -281 174 -289 64 128 164 -92 502 -349 170 -297 -613 190 -1029 -90 332 -62 -699 -64 -132 -30 72 241 -287 -539 41 
-44 381 698 -306 -753 -36 -36 -958 -466 119 161 -21 -33 -192 -256 703 -357 492 -582 -132 -368 -118 -250 -191 711 -8 265 -805 139 255 -821 -85 40 -88 -640 2 443 120 355 374 48 -640 96 -231 -330 489 231 163 418 271 246 -197 658 -218 -7 -199 345 -118 -176 368 -382 -24 9 -438 -244 320 14 -421 348 9 -151 -256 -250 319 -12 623 -86 244 284 154 572 439 280 -382 84 -984 -84 -373 -111 354 -237 23 48 -753 -4 350 -438 121 490 -129 
232 41 -304 9 -170 265 -333 314 122 5 -407 330 154 41 518 -388 266 143 382 533 -625 246 312 -362 707 -304 -175 -37 -563 -684 -157 -362 -172 431 101 306 8 15 -364 -153 554 70 411 157 486 -48 -333 -546 95 -367 -171 66 331 297 -482 -269 -439 -273 431 -42 225 -323 -643 374 12 -785 -316 467 104 395 198 -806 240 -39 628 105 42 -445 -197 70 -501 -117 -287 -348 385 -347 -27 -452 -66 226 -144 -306 -819 -77 0 295 -596 166 -210 -23 
-158 -499 -364 339 226 -219 -39 194 421 358 -688 -199 499 -71 -206 -496 272 132 -159 201 -388 233 1 297 -536 180 713 605 -486 -187 272 412 55 106 -435 -47 39 -224 -76 127 -177 200 -315 208 -289 149 -371 -120 -749 -862 429 321 447 90 -101 243 -664 -43 576 -217 527 30 -217 226 -42 -338 42 230 261 354 -563 -69 343 -793 -352 -411 -588 189 336 -236 -174 -205 89 -255 -263 -125 165 67 160 -199 -213 -341 22 314 -491 -96 319 525 -27 -637 
-575 483 -159 28 36 -168 59 -581 -58 -586 238 -516 696 -195 -540 235 368 409 -747 237 485 72 -490 -678 336 248 484 -423 -99 -113 177 6 -254 -355 -173 -483 90 -371 663 27 -640 74 -438 -535 -302 181 16 184 491 65 306 -381 -145 -413 -80 165 -57 -473 -623 228 -222 -45 511 -484 -80 602 635 -193 -554 -743 -238 440 -531 -238 295 -454 78 -2 381 680 405 521 667 500 -7 3 -258 770 123 -391 296 -272 -201 -268 288 -276 -449 91 157 301 
223 -337 -517 458 -166 367 -696 285 -462 413 -161 624 -178 -235 -397 25 405 -572 156 -146 -16 -257 -319 -219 103 424 -172 172 222 -89 279 347 686 97 -127 99 -482 -53 237 15 -741 384 -171 -112 34 359 -144 57 -295 -706 -492 338 57 -254 107 -175 764 222 276 -145 -169 131 -510 313 161 -390 -563 53 -164 76 148 -125 -157 239 -338 -300 -789 315 170 -421 -143 240 160 -135 -83 75 749 528 -179 295 454 379 -114 91 -584 157 -201 307 -343 -208 
-100 46 221 361 -241 212 242 -528 -219 -989 143 -828 -22 766 636 -716 513 616 244 -421 292 -50 -30 -466 269 235 637 33 -657 709 -412 -802 -1005 -115 -147 369 -200 312 -199 -219 -50 -299 -169 -352 119 -144 202 181 -124 1175 116 108 -474 699 38 -471 -189 127 -114 120 -176 123 -60 -295 669 266 82 194 89 500 -250 -571 -236 265 242 -205 -250 39 -70 -20 501 -210 -145 -260 384 366 -528 -752 -49 340 -407 53 -710 80 377 -72 79 -218 296 325 
-58 -43 -47 119 381 -483 -109 290 155 28 70 -253 455 -618 392 226 122 -558 -415 -753 322 3 -186 -701 -346 -309 167 428 654 81 63 413 -310 549 -129 636 581 -250 1078 -328 -5 -135 851 100 282 -207 -302 -436 16 -218 -363 285 155 -74 500 299 -132 -846 -325 227 419 -34 -153 -262 217 -655 143 -362 -656 -414 -120 533 92 -236 914 714 70 -226 -272 -77 -598 5 185 429 -249 64 -415 -466 383 -426 -285 -663 -259 297 -439 757 -44 657 -340 24 
530 238 324 -325 -588 166 22 242 -127 -335 145 363 -99 -151 -300 -624 -159 519 339 551 -486 -507 428 333 252 -105 141 -83 225 -248 -356 -557 237 52 -277 -25 -309 -172 -428 379 163 119 -80 -181 64 428 -235 359 243 346 353 -184 246 182 -63 98 -421 621 57 812 290 277 -458 907 -54 623 -313 199 25 -3 -404 -920 -640 496 -694 -249 -39 -103 -59 228 -392 453 -746 -217 241 -431 535 -79 294 -213 459 -97 -76 189 11 -751 -306 277 -80 175 
185 -195 284 109 198 -151 -43 257 670 79 -173 -375 90 -833 488 -117 43 -70 -299 -157 -459 161 190 465 492 -658 38 94 117 261 -289 -230 29 -432 -17 -96 313 712 92 -45 1207 -328 -396 367 124 -327 -433 -458 -246 -169 28 -282 71 523 -300 556 -841 156 -155 -549 453 297 -337 402 385 204 -189 1094 360 -70 580 274 -291 7 -15 163 171 -893 338 458 -499 -295 213 -468 -184 -50 -690 -842 -166 181 55 430 -824 -345 -370 -93 10 74 621 754 
-90 264 -46 -187 -172 107 139 -275 927 418 -128 -339 -265 437 -888 362 5 -167 261 331 1045 478 -684 90 -90 -96 -316 92 640 713 -20 729 348 381 -450 -194 -35 82 311 -84 842 341 -371 -98 -512 364 151 47 -849 169 -2 -693 -4 116 -301 -226 1072 -599 -114 93 -177 94 -522 -424 247 -116 -483 542 105 -339 -49 714 355 507 273 -154 422 122 -290 221 -200 -133 -150 -262 -87 -220 -197 -157 301 325 234 487 -931 43 -406 -7 312 -82 294 104 
1341 -710 -346 315 -726 296 210 -23 76 152 127 211 -546 -61 247 -828 349 661 36 530 84 -139 -186 -168 -1212 -134 -161 730 -207 738 296 50 451 307 30 183 -189 185 -660 471 237 -108 -332 -65 -610 -206 129 805 -391 230 220 375 268 444 198 805 -385 94 486 -220 843 918 -471 416 -196 460 -847 1158 421 306 143 67 333 443 -434 -207 -271 46 -468 117 -501 -155 -214 122 -449 680 -323 -25 -602 139 -674 -4 297 161 346 -242 721 181 -12 109 
385 -180 -135 -661 -292 144 588 269 804 81 -205 219 97 -117 -345 -37 365 -114 -121 130 -236 428 -11 226 -351 -987 299 84 -359 -65 -208 -131 -471 -136 78 372 514 -487 426 -109 749 180 -212 -189 -220 28 -92 -173 -509 -766 -331 -352 438 -39 504 -97 -291 227 -131 -76 709 332 -546 90 491 -317 93 343 350 -62 54 192 -505 -141 -175 456 -61 104 -278 719 440 -360 452 -127 -619 372 341 -26 -295 34 713 -200 -656 -90 -899 -87 19 168 138 77 
89 -120 -50 96 506 -122 104 -206 -18 -238 -647 419 825 -378 179 -792 173 -396 -444 408 -244 410 270 387 258 -475 53 476 78 -297 -28 173 -363 -530 -236 36 258 355 -25 -236 321 615 -10 453 -339 -423 248 364 307 -735 -483 523 893 223 485 288 -929 -107 -293 -191 368 114 -429 -99 112 95 -657 -348 221 -416 203 -120 -677 -980 24 442 -861 -247 672 457 212 19 -214 415 -22 -483 208 -384 -160 -19 13 -327 172 246 -163 -152 129 88 32 99 
-51 -478 437 99 111 -428 -457 -52 135 386 18 -121 -30 -377 -210 134 -100 149 251 -248 56 -474 77 708 -589 272 -107 260 -178 -31 3 -14 -186 -201 -291 -143 135 -436 98 750 163 328 -524 -19 152 -2 -180 -303 -144 199 46 65 122 63 224 659 -605 744 -76 -93 195 -169 204 801 21 228 276 32 417 244 412 316 -287 472 -691 -595 -384 617 306 406 -76 117 -383 403 -447 -496 -280 -253 189 -22 -85 139 270 371 411 166 -2 299 -235 -23 
-68 -584 5 -410 -96 6 -492 551 703 391 23 -376 408 270 67 -512 201 -430 -269 354 -257 -299 149 263 236 -38 -579 602 -605 282 353 380 168 -270 -1 -164 132 -128 -272 -329 603 503 -418 684 -211 -793 -444 -159 23 -735 -776 174 -124 329 -431 422 -150 -27 565 -402 281 392 332 996 235 -174 114 -194 265 -46 535 10 28 -386 288 -224 -487 -436 37 126 -525 -73 -249 -333 -446 -46 -40 -438 236 -383 434 -33 -228 428 462 -357 -466 -124 -268 -75 
648 246 339 288 -234 -492 163 -188 -310 -267 19 299 -498 43 212 229 935 185 230 187 432 -220 -84 16 -216 -334 -643 -420 -266 -172 -46 7 301 675 232 -30 -71 -603 145 -447 -245 310 930 421 26 -158 183 -202 -84 266 -71 -69 286 159 -832 -337 755 72 26 202 631 574 -331 221 -59 270 -318 89 -144 453 -33 -250 264 65 66 367 1 -410 -247 52 -197 -292 274 23 -715 765 -239 -138 467 -785 -89 -53 86 230 -201 -133 480 -364 -516 351 
80 -272 -691 654 -456 317 171 6 -4 200 -245 85 62 895 316 366 -319 31 271 115 549 258 -105 -769 -134 304 1174 -106 290 75 55 40 -148 102 -81 21 194 574 115 354 25 -172 -94 -968 -344 358 621 503 366 -160 191 282 234 -310 -320 162 513 -89 -784 172 -383 -36 174 -413 -184 -7 -308 -533 -408 -233 -188 -285 -163 46 265 -434 -235 486 563 -156 357 134 201 -308 62 41 192 208 330 632 113 8 -269 269 -158 129 527 454 -311 -330 
-613 526 271 -290 -398 -620 689 41 -34 94 160 -1 150 -594 -400 316 60 -1014 303 -114 -138 -116 -161 -125 -4 -455 -118 464 649 -118 62 -10 270 -282 -499 324 400 252 308 71 302 159 -527 -607 188 -48 -119 -214 -341 -132 343 -626 -385 -230 -4 -292 473 -677 -984 519 274 131 -217 -111 473 -415 -78 501 -69 77 104 -428 -360 -99 -529 -562 648 274 -661 -198 -244 -354 571 -817 105 80 -116 325 332 134 -521 636 308 -212 -525 53 -245 260 47 -137 
-121 -321 529 457 -111 -262 -83 -596 -598 -129 321 -643 4 47 -319 181 -380 -191 292 -686 197 -199 -587 210 -112 -163 524 46 152 -298 -394 167 -37 453 7 475 -623 764 -363 212 140 229 81 257 -78 339 291 629 -403 308 135 236 -14 81 728 294 -42 490 -253 -310 -204 574 465 58 131 415 105 135 -144 -234 -512 307 -777 408 -445 -51 -75 363 27 363 550 166 -239 104 -407 -450 20 -406 -468 -17 372 -66 400 -36 -168 -18 344 334 -205 -248 
282 266 287 -365 -1019 567 -84 -423 -75 -449 862 179 103 444 329 82 -533 172 -385 -389 -136 189 -328 177 473 -151 348 -191 -30 88 -486 -847 -116 -209 -322 101 123 -841 -992 -14 596 -27 -377 -215 135 29 -140 301 93 -410 -420 146 -60 248 -5 730 116 302 -221 689 -23 -927 180 -553 354 177 -268 -425 -434 -449 -95 406 172 -136 -5 -101 538 328 -235 11 602 -77 418 89 179 81 -546 202 -235 -193 915 -80 -280 -499 555 -399 -777 -240 425 1263 
-376 -377 605 -839 360 -206 475 446 264 -33 -271 -244 80 23 87 -603 135 318 -290 -128 -889 -44 942 256 -123 -156 153 293 -439 438 233 -181 260 -186 -407 63 -216 187 125 -602 37 302 459 568 -236 -291 -61 169 385 -362 60 236 85 68 -340 -43 -637 501 -91 347 -546 16 508 372 -144 -166 288 -59 72 25 219 -703 -211 -212 -216 859 216 -312 36 -305 -600 236 -591 -427 19 -543 -98 -429 241 -501 -343 -579 250 476 -43 275 -94 198 -233 -234 
-435 -201 -282 432 -261 308 443 33 -404 217 15 -479 97 -472 -1 1075 452 457 126 -420 -319 -291 18 70 -76 728 -206 -319 -228 529 -502 88 375 275 340 205 -68 592 350 -346 -41 62 631 -1168 362 -479 -340 -331 3 78 -404 88 -35 404 -49 61 -702 -369 302 -57 -296 291 -31 -569 -409 647 46 -183 -422 972 441 -367 460 -256 -132 -122 -554 -780 355 -643 22 127 161 312 -42 337 104 -208 -2 -236 -912 577 -55 -45 -462 270 -63 -77 -193 147 
-161 154 -72 -550 422 943 -132 229 361 297 -102 -49 552 -401 -10 -356 -105 212 -379 86 -40 -833 -127 -183 287 485 -296 -142 34 -184 -251 120 56 -206 101 1 -509 -240 292 -147 -79 -42 -134 -367 147 290 -611 -235 -210 61 431 276 -243 -399 -2 104 -227 129 335 -581 252 218 -29 637 18 129 -879 780 -17 -140 -134 351 492 126 -137 -318 -149 -931 -259 253 -363 290 -78 -553 346 286 314 293 -272 -400 -219 -34 -688 482 -538 -270 -41 -17 -360 -122 
-174 506 -70 58 -83 -381 400 64 173 435 284 -536 -506 -185 -235 780 353 241 789 559 -221 195 306 -473 -49 231 -344 -226 -524 -521 373 179 350 -331 -96 272 424 -346 -170 -176 -145 122 -209 -294 449 14 -25 -512 -124 540 59 -493 -521 551 -681 -330 -108 -96 -48 354 -582 -25 -180 167 128 283 743 -99 -530 598 127 -549 275 483 -864 356 841 -39 -94 -432 98 -196 312 60 8 93 -341 -117 647 -186 -114 665 50 147 -429 246 73 -287 75 -222 
357 -560 -557 220 468 -22 251 173 321 -489 -211 572 -318 -146 778 -19 90 -357 290 -154 55 734 -170 670 -585 -265 19 319 517 -324 157 294 -429 146 64 770 -130 -482 118 -272 171 33 527 -214 529 -192 214 52 -260 32 -91 377 355 -110 -164 300 -248 -202 -342 -18 401 -326 -989 -607 52 258 -261 -36 -463 98 20 839 155 299 244 -277 -11 -362 -214 165 -252 -631 380 801 -129 650 -265 68 510 -247 293 445 -119 606 260 -142 162 -109 129 -17 
-55 27 90 -159 -543 204 489 35 -10 -705 358 -327 -1087 -69 436 662 -450 -144 198 -13 -554 -109 -314 252 -206 -556 -291 -312 53 -64 -120 -968 -90 -132 905 862 -353 -491 -674 709 -150 -995 250 501 973 184 80 441 92 140 -476 241 291 331 -358 282 -308 266 -22 176 559 -54 621 -118 -12 127 -92 -197 -503 -74 -27 421 495 600 -11 -173 824 104 -227 -239 36 -834 -295 -388 120 362 -702 334 -368 -232 -523 -447 362 -322 364 -85 -508 118 -33 335 
-319 -125 -309 -423 185 -73 490 -353 300 370 23 308 90 696 740 -436 -11 450 133 -282 68 -62 78 162 236 220 -579 -140 -290 -729 591 -488 -17 -224 -336 -212 500 -232 -28 -137 -139 672 381 -10 -319 -99 -89 143 180 732 436 -178 168 177 -39 -286 -429 125 -387 218 -170 145 673 -228 137 -64 -195 -907 648 129 -413 -310 37 279 295 783 669 -490 -363 425 -644 4 278 -421 -44 -130 -248 -1095 340 -503 -879 549 -689 -174 -53 198 -29 -168 -195 208 
281 -153 74 -129 48 -158 -79 75 187 -281 -21 -587 164 163 -536 -80 495 420 -148 -37 -38 158 -503 -27 -66 542 1019 -61 -284 391 -17 279 -13 -72 -145 300 -512 389 444 67 -40 307 58 380 -19 307 40 -368 -94 -80 -95 241 -221 541 -147 466 170 292 203 133 257 130 -34 -60 -387 -331 166 -371 259 119 -503 -79 -59 281 -375 -400 -505 -52 249 29 156 256 -239 -107 -57 -63 -189 -418 537 -518 -267 -435 45 234 556 75 53 -69 192 6 
295 92 -69 -92 344 1000 -224 260 -352 -62 -207 -302 582 -395 185 -250 -386 -277 -550 225 154 -298 -282 27 42 654 -110 -190 -76 -36 -897 79 396 117 -553 22 0 -194 -422 -791 88 728 -93 543 181 355 -571 -455 27 -101 -547 -152 -505 469 76 459 411 -99 -366 402 -178 114 -380 206 289 -185 -259 524 358 -145 34 170 -86 -347 110 369 72 239 -178 319 -265 -116 -583 295 -1 218 -100 -442 86 -648 431 -415 -424 238 124 -173 -157 15 89 466 
635 -96 367 -213 -63 187 -579 71 392 273 49 479 11 -708 441 -82 -415 47 -103 754 -393 -55 -313 160 435 583 307 293 -260 519 -555 -458 -140 -176 -75 279 -112 330 -42 552 -139 -400 210 167 -58 -50 -617 91 -112 140 -100 45 179 -47 235 290 12 437 -355 69 124 402 175 451 -66 -61 -347 -113 19 -131 -106 338 111 4 -28 -444 203 179 -124 -1 -603 -12 -24 76 -205 115 462 24 315 367 148 66 -337 296 218 20 -71 -484 -370 -43 
-72 347 162 263 -296 633 -383 208 384 -11 155 362 667 326 347 206 -485 200 -185 -341 303 316 -563 -146 130 416 -222 445 367 -614 124 647 -283 45 254 53 -93 -215 -18 -301 -45 21 214 -235 5 -79 -1 369 126 -190 -580 96 399 -507 -311 -142 1572 -60 558 469 68 -632 -555 -532 603 202 -631 -178 -144 -259 431 748 128 -233 607 -72 400 -268 340 -126 306 50 -138 230 422 -244 212 322 167 87 228 188 -451 105 892 133 3 -572 239 189 
-341 -268 409 -616 391 -318 50 412 -297 471 590 83 419 -287 -835 147 -342 133 -12 -67 -123 -449 246 198 -242 -199 77 830 142 283 -551 222 -300 -58 330 61 -225 -387 92 -366 -140 -82 452 -317 831 269 -845 105 -227 492 -326 -327 -421 -182 184 -205 -120 49 323 182 -47 415 209 311 -82 -93 150 473 47 416 368 -277 -94 359 -359 60 204 285 241 -257 -196 -345 -436 -143 264 -380 538 -29 27 36 339 228 -282 -350 313 126 256 -496 -254 -719 
226 87 -153 119 68 264 100 -262 -80 -105 170 548 790 -204 456 -1040 -444 496 137 -3 487 335 408 -88 122 11 -201 -89 -382 78 257 -176 -406 -343 -419 -209 407 -45 -388 -623 -48 -46 -130 -221 -184 -659 9 -573 -291 329 54 628 -201 104 197 366 -143 59 295 202 -232 -767 -302 -382 396 -540 -191 -97 116 -305 320 40 -366 84 -578 188 114 -26 -241 -493 -232 -219 313 59 507 -9 -16 -365 -215 229 93 690 -718 -407 -49 -319 66 -418 102 372 
164 -145 -561 -149 -47 -68 356 -467 -327 -497 61 52 317 -1099 97 -473 148 92 -698 -182 -502 362 -255 132 248 -75 -147 69 -152 -76 -7 124 -334 -147 -277 201 1114 134 -137 250 -637 -257 0 -172 -30 539 -80 68 528 -409 -303 -374 66 164 -128 50 313 44 -119 717 816 491 -452 -41 -460 -706 -487 150 163 80 -664 -270 451 -55 -75 -273 376 19 303 -476 -619 -226 53 -232 -534 679 609 425 48 60 -298 240 -254 -392 51 273 45 328 106 -415 
-284 -643 -108 -601 478 -240 189 499 905 -426 -199 378 -58 150 -102 -408 -121 -76 28 -359 58 -465 143 -340 -733 238 235 3 408 220 -29 625 409 -422 84 250 -164 42 436 54 703 317 -511 154 -798 -75 286 188 406 -46 -5 -114 410 101 184 630 -275 573 86 20 322 531 216 444 67 -129 -1126 138 362 -474 -311 -57 -547 -111 -537 -424 349 -508 128 211 269 286 306 -145 107 -343 987 224 168 143 85 116 -120 559 10 14 384 79 575 -484 
49 647 -793 219 174 -419 -52 936 -2 -445 -63 614 -399 -129 721 323 -41 204 84 316 59 528 -73 71 90 33 -352 -34 250 205 -59 94 -108 69 280 511 -199 417 691 -370 75 -241 -80 694 -441 -194 538 -500 -59 -25 -137 -143 132 811 -82 190 -297 449 -198 104 445 176 549 -107 37 -153 447 176 -222 274 668 -195 -191 412 -237 279 201 -752 -562 -366 207 -130 -158 194 887 -670 -399 -221 -300 841 -420 564 -24 450 -82 176 288 -290 720 139 
536 10 -646 18 -327 21 -398 -328 -800 332 50 -256 922 211 146 307 198 -282 -297 -227 326 191 -433 -206 -313 74 514 510 226 -523 135 136 -563 -88 -183 99 -262 9 253 -200 -740 37 283 -674 583 325 145 11 -278 -851 -37 92 -50 394 -463 97 255 -258 -247 539 546 -872 -357 -514 532 -497 -78 -405 -920 144 258 -565 -233 -563 117 -510 -1071 347 -455 -409 -47 -320 377 14 434 268 100 -157 -312 -110 -20 -227 -61 474 -5 -258 -537 553 133 35 
590 588 -83 -513 285 -657 -786 146 185 26 202 29 -18 -287 69 420 566 556 78 235 -177 247 1010 23 407 -59 -217 189 -684 327 -506 361 136 1008 -93 249 236 451 -230 -145 254 -65 130 1092 -366 95 -472 -362 -41 -665 139 -254 618 -195 -72 676 -135 -474 -333 -206 -467 -120 739 369 -881 -399 -83 473 331 -45 194 -204 -173 407 -24 339 731 333 -377 114 66 -97 172 -261 -29 -795 590 22 -524 -183 418 -502 93 535 73 -240 180 580 268 -178 
741 255 -333 -5 -317 -550 417 -308 -59 130 -185 879 33 104 168 -100 -42 439 561 35 211 639 73 5 -416 -420 73 -138 -223 99 -304 130 172 840 213 433 702 163 100 -359 267 122 404 202 -107 -550 368 -608 -283 -270 -118 -142 507 267 236 276 54 73 -264 -330 195 286 -815 -76 -235 -632 -274 195 439 421 49 -655 -466 425 43 515 64 36 -549 -508 -73 -571 119 -61 -68 23 -252 -364 29 -71 -93 536 -405 440 -231 95 568 -633 152 336 
-304 -61 212 95 -371 394 542 -29 -50 -330 -366 -93 -197 143 799 -337 368 -335 161 -192 -358 -443 134 254 543 44 292 -377 -121 260 -180 -190 -200 -12 -37 -9 -267 -222 -246 53 -370 414 230 -375 -170 -154 -335 104 537 616 189 -140 -30 436 -133 187 -479 -321 -224 261 -35 474 523 138 307 -58 109 -696 -44 113 476 -309 -282 -257 529 -453 -362 -277 -41 -38 157 213 267 -277 327 256 406 -125 88 17 105 -184 -154 444 -112 -165 -908 -410 -49 187 
-269 40 -621 -192 253 -181 -268 587 760 38 -182 45 -131 209 447 95 -236 -444 -42 411 289 -248 -97 -261 -80 264 -91 564 3 -25 276 452 325 -668 -32 644 -426 21 -229 327 418 109 428 431 -465 258 360 -192 237 -627 -821 305 259 208 112 425 533 80 -44 27 68 133 -338 653 -36 -457 -732 73 -142 40 -243 120 331 -118 -535 126 -190 127 30 85 -101 387 -302 -75 -148 -189 -144 6 -393 328 124 54 56 637 -184 48 578 309 -301 106 
-525 626 -20 170 -318 99 -37 -175 -288 281 608 -252 249 657 -584 -259 -118 -425 116 -308 177 631 377 -164 182 115 195 -539 -133 202 573 418 69 83 -115 94 -29 -49 -476 -118 -349 258 -167 -291 207 -125 43 -615 313 431 341 -428 -82 408 -434 -764 340 -514 70 85 -282 -27 194 45 26 -168 299 37 -148 -148 -99 -397 188 -888 -42 -19 247 513 -542 535 537 346 -156 -113 258 23 14 631 -7 557 40 225 -253 -750 -334 111 100 106 532 414 
179 340 -33 481 -185 -51 425 95 282 -126 -13 69 220 186 -101 -549 111 306 214 167 339 160 -262 -178 -119 -655 997 -385 10 -52 -215 -967 -381 681 -209 -64 411 -234 -264 -347 -362 -214 118 -387 -104 -214 -11 150 -26 254 729 -639 -197 180 40 211 -258 -15 -646 739 797 -114 -436 -532 -100 -502 -84 -80 213 -37 -74 -912 -316 302 123 -35 182 461 -214 -391 403 196 196 -204 109 653 -57 520 24 -275 -68 -167 296 -200 -538 139 392 -288 -382 -386 
18 744 -95 -8 -182 -620 404 -95 -408 -62 214 428 -110 173 -701 57 -508 -27 -284 -41 667 -23 -415 -140 -32 114 -105 -338 762 313 230 -215 -125 498 157 227 -399 277 863 -177 358 -105 402 -383 318 -251 977 -123 -242 7 406 -219 -218 145 548 154 667 -37 -321 115 666 -392 -231 -1139 -182 -251 476 43 137 -460 -322 398 -174 -122 -272 -452 15 -225 211 202 639 -66 459 -95 189 15 -73 122 -676 -365 -23 825 -182 -248 -294 123 106 -27 329 723 
-803 746 223 -21 56 -770 -168 -446 -645 439 42 -366 -249 -80 -560 138 132 -27 -190 -233 -240 -79 310 -436 -3 -272 -8 5 -30 15 596 814 235 -325 -258 591 -225 -393 -542 663 -505 130 475 148 319 -780 -541 -441 280 519 -113 167 -204 717 -35 -730 695 -196 334 -611 316 345 516 484 -72 454 291 -270 41 -117 -281 -277 286 -452 -345 -115 429 16 -600 234 97 468 126 -59 -516 -59 -118 -521 -494 -438 -799 151 -87 -460 -304 914 -110 367 349 102 
-474 -54 1053 -320 -186 97 -18 112 96 -601 409 -145 -232 -104 229 548 -682 -212 -1024 376 -596 -263 -265 767 -57 322 -221 -141 544 -547 -229 -634 627 -399 -190 59 369 -238 -291 -515 -173 -89 -60 0 363 -132 -133 138 319 -393 187 -585 83 -26 -635 196 -113 330 -11 103 106 -263 470 -507 -302 134 -47 -572 -148 -191 -322 489 94 -15 -111 122 802 -574 1016 -324 45 -508 -507 -603 -218 -196 189 -204 150 -588 -404 -303 265 14 -21 -486 -355 -50 129 -135 
-57 453 -792 365 95 144 -616 -364 -221 164 124 -329 364 -194 -476 -524 -185 136 225 414 445 31 226 -686 220 -51 55 -416 -66 -80 -68 -542 -383 399 -333 -282 -635 -58 -70 165 421 -699 -237 77 416 -360 -58 -201 -59 -186 -591 244 645 465 141 152 -138 86 -461 8 -57 -713 -431 -32 95 119 52 564 -171 9 -52 -296 -86 -90 -27 37 208 358 -559 92 517 560 -629 229 351 -274 -319 486 -402 65 -15 250 76 -36 -278 -430 -449 543 509 -17 
-765 -633 673 -325 -7 -93 779 -550 -476 -752 56 288 -105 -257 -157 -50 7 104 -122 -855 -509 502 332 91 -108 -262 229 807 172 659 -87 473 -165 -266 78 -275 530 -41 67 828 534 20 278 161 -158 154 142 264 -331 20 -757 319 667 -284 -110 187 631 -660 270 56 -116 473 -191 95 -401 49 -167 627 -180 -55 -102 223 332 307 300 24 123 430 407 -273 -304 -119 213 249 -400 -118 31 -202 -35 222 462 -320 555 185 54 434 -299 143 -23 34 
148 -254 257 86 70 -460 -36 -327 -54 -151 -709 -119 296 -474 6 53 764 -120 214 391 -100 317 -266 -443 204 -636 -462 -19 -78 -432 593 514 -211 -281 -23 13 539 560 -399 182 -298 -656 81 1043 -547 527 27 447 461 -601 -1066 288 -7 38 -250 785 558 -245 26 698 -63 -162 79 -129 40 108 126 -138 -73 -472 25 645 196 186 -298 -340 255 148 115 -305 116 -277 50 47 -109 -337 133 421 335 22 464 -336 550 -142 190 30 393 -215 81 -154 
