Matrix size: 100x100
Execution time: 0.0136865 seconds
Resulting matrix:
144 -468 111 149 81 76 -60 -290 204 140 278 120 -367 -201 -175 115 500 42 305 -409 -501 -199 569 677 230 -377 444 126 -391 -224 -486 -222 49 823 -196 712 55 -740 70 46 556 -579 -77 -491 -1006 530 -405 661 -224 98 -402 433 316 136 145 -68 391 416 -372 -325 137 66 152 -49 -7 -336 -461 18 888 -642 242 878 362 -316 535 343 300 -419 -5 -458 -411 112 -518 -72 -346 212 643 265 243 20 457 -9 -128 -439 -9 932 8 13 -211 -464 
47 543 355 -77 -265 249 -92 12 -297 -680 276 -283 -497 497 -279 -203 370 106 42 -578 50 -396 146 148 165 -388 85 425 349 -288 -23 72 -356 823 301 -93 -111 64 305 138 133 268 -224 -426 -272 -41 -270 -234 171 131 -54 104 -524 416 333 235 -253 -277 -107 -296 74 18 -79 -108 -596 292 417 159 -626 -146 97 270 896 -717 384 291 -220 -508 -43 -321 353 -234 -376 -11 252 -827 297 -770 -12 48 210 248 -371 -761 -657 108 -5 164 215 93 
44 133 246 72 432 -532 579 -335 293 -489 -62 149 -86 -418 -54 -31 366 -87 -508 -176 161 62 -543 273 112 -163 266 -264 -368 -21 -254 -739 460 -916 -99 642 -292 415 -465 -369 245 -593 -129 -180 -119 -196 131 23 -243 18 670 -243 -68 -278 139 -134 -226 -335 -307 -47 833 115 216 74 -139 769 642 40 648 -27 -466 -351 -89 -9 137 207 -506 -105 177 781 120 -427 -425 721 -487 -375 -7 214 -154 -411 -587 346 -304 131 342 -97 -6 47 -775 -657 
-24 -399 -596 -399 425 -514 630 -350 -233 538 -47 -762 726 -272 -188 -562 -65 996 -592 149 199 243 -618 -123 65 122 369 -346 -589 -321 139 298 109 -357 -280 200 118 227 -547 -340 -112 -383 727 -191 542 209 -503 -155 -346 223 406 -873 446 654 -132 146 -23 85 -101 -290 410 -515 671 67 -241 90 -408 -39 -552 -375 787 -82 180 23 234 313 -386 -14 -159 515 64 336 -53 804 -559 371 -287 -259 -521 -30 69 174 -706 583 755 382 544 -434 -371 -283 
161 120 -33 -570 -257 202 92 -256 -505 322 -129 69 384 -499 -31 -113 7 -83 -75 -458 416 -261 659 37 -730 148 879 -8 -129 -194 284 345 51 -242 -459 389 -409 -485 13 -373 274 -430 -423 -401 301 359 -835 -117 -289 -117 -26 -358 -319 622 -146 895 36 -210 -132 -196 7 -501 641 -348 -177 -218 472 -197 510 -357 -378 -151 -36 53 -165 747 -1016 -454 90 234 464 492 -168 699 91 348 -20 222 -73 -130 64 -238 -89 -83 -489 336 116 100 -35 -209 
-203 -249 282 106 458 581 -877 -23 605 31 -238 108 -38 28 346 266 -142 -657 290 11 -166 428 581 65 450 -450 322 -72 459 672 266 268 418 336 702 -300 -51 19 273 512 -124 -389 9 -372 250 -146 277 98 72 -256 -426 -75 -648 49 -505 -36 497 -84 142 -66 -402 -207 -77 571 181 -223 222 257 59 43 -613 -244 -84 243 709 -218 -66 641 270 338 -40 -165 -240 503 483 272 -107 657 -137 129 -382 -257 357 76 -29 -16 -787 120 243 279 
-90 -559 367 328 276 -264 -476 186 -334 816 -3 -124 -693 -420 568 352 -891 -89 234 -358 304 87 467 175 -827 -604 561 14 -138 -174 124 268 -633 1020 25 483 36 -322 156 741 -412 -358 438 -485 -246 477 -190 -585 -479 -9 269 145 -167 66 -62 -329 -333 89 31 115 -22 -438 110 158 233 123 384 -508 -133 316 -74 -308 -365 521 -107 151 55 -770 -50 83 881 -300 -264 377 755 136 132 173 262 -9 17 -124 265 434 60 493 -87 469 -457 533 
-107 578 -231 387 -75 -222 -181 485 178 51 90 -242 383 -665 -228 -320 479 463 85 192 332 548 706 -13 434 460 37 48 169 110 -31 -1 132 -86 -569 -112 -52 242 -39 -601 -366 -147 302 770 110 608 474 -259 -135 567 229 89 109 255 -76 -65 142 257 68 -423 -778 -221 -250 -104 63 -752 -226 103 -330 -14 74 474 -167 -88 52 -204 -86 -86 -217 -193 862 567 -33 -223 7 -35 240 -325 125 676 -502 -71 341 360 10 -127 -28 -497 -482 -122 
-108 -100 40 98 -393 487 246 29 -548 -30 397 27 -231 65 -283 265 43 0 363 447 182 149 258 29 160 79 473 -716 -75 -75 -173 -550 -384 -441 -229 -523 -249 -40 -146 -130 -249 -377 -399 99 51 -92 -239 -195 21 64 -396 -264 522 325 243 421 -24 215 299 -133 208 569 -404 -8 -86 338 237 -72 291 -989 933 -419 186 636 237 139 113 -453 -558 -193 501 -439 -347 1 28 161 -345 -369 -5 -68 541 402 173 97 104 307 755 -113 -151 -79 
383 284 -321 -330 19 308 520 -468 -48 -329 188 197 -121 456 189 -18 320 -346 251 124 -933 -817 -592 193 651 174 282 -194 106 -197 77 133 14 -870 57 109 -1019 -199 -697 -447 545 -14 -174 238 -107 -133 75 478 581 1004 0 -152 -474 216 250 -375 -132 -767 -152 -736 -309 -4 399 129 179 -416 53 -737 147 -449 141 630 -740 276 -460 -377 -517 -17 -513 157 -293 227 382 -300 -165 -413 -14 -395 -645 354 574 230 129 -633 -562 80 -23 -763 -432 -266 
101 -148 559 273 69 -627 390 239 -95 -383 -252 -1072 -518 832 118 142 -370 357 166 -51 48 311 -613 -563 126 4 16 -280 150 426 -345 -340 -432 -491 240 -70 81 837 66 -318 719 380 165 -1050 349 -957 115 -541 30 -2 129 -307 403 -75 -330 -413 164 -408 -16 -138 845 -480 -306 -568 -103 378 -375 92 -361 -511 33 78 -125 -162 -417 329 -410 -360 383 450 -311 -85 -22 -126 -363 -266 -550 -160 164 -31 284 -34 16 345 425 295 268 -41 -136 571 
-352 -70 -178 -384 493 445 -324 -8 -471 419 -290 183 -127 -74 296 357 -132 -67 652 71 308 -292 267 169 -267 -191 -159 -253 917 282 61 550 410 593 334 342 88 -284 471 370 30 210 112 -40 -194 566 -560 152 -446 149 -498 68 109 -268 66 265 79 148 175 152 1 443 240 653 -316 -410 386 -696 228 -49 -26 -133 -94 254 -291 -200 318 137 257 -16 457 -382 284 -332 588 -157 156 184 -116 488 -12 -93 226 -352 -769 429 65 -102 -296 -147 
-555 305 -328 -256 48 164 -476 32 -156 933 922 -684 168 -88 259 186 539 -161 357 506 32 -284 295 -213 336 -38 -263 597 -201 164 270 -64 232 245 167 -398 295 -424 -424 416 286 -582 -74 727 -477 -218 30 232 856 675 -92 355 -171 -531 220 221 -509 573 -212 -622 -120 66 -325 523 179 -402 -7 -138 478 630 -441 -108 -432 -314 655 263 -74 446 -114 -97 107 205 -299 99 566 313 -28 -644 -407 134 -250 22 -166 -344 -208 608 -242 630 -30 -143 
-271 -127 -1243 -184 608 -19 382 746 -250 273 -215 -396 -571 688 -32 -40 -2 -70 196 -345 292 285 -840 -20 690 343 55 -712 343 260 147 355 161 57 -11 -278 526 -529 -290 36 670 173 716 203 -255 -160 -585 -196 -316 -223 -563 -980 831 444 656 607 461 166 358 -452 -67 234 214 518 425 -174 347 643 40 -199 530 274 -372 -89 185 22 233 -448 -209 -82 -213 -107 246 427 418 677 75 -786 -21 18 -189 -386 -194 1031 321 237 49 -402 136 138 
-121 -615 -20 -225 454 -409 -104 137 805 312 237 -196 259 -437 -268 166 419 31 464 190 125 -37 112 91 268 194 410 -163 -550 -321 418 -117 -6 328 41 -233 -40 219 -140 -81 -496 82 86 -363 -230 246 -490 -58 43 541 334 93 -517 -78 163 -336 -459 -216 -249 -259 -589 267 -409 284 205 90 -138 45 384 311 -67 -230 -59 11 384 -423 36 -659 -188 75 532 -370 450 331 475 115 213 -367 550 8 24 367 734 186 122 -44 -679 -25 -436 -130 
-355 187 -129 -281 512 270 -187 1 254 637 203 -46 86 189 72 980 317 -226 308 -266 -133 -574 454 -420 -137 -58 -179 24 -1 1012 114 159 -205 66 340 29 -283 -205 -303 613 121 356 -400 -433 -318 -203 198 1148 265 698 259 283 -11 -743 216 118 44 -211 -711 8 -297 317 213 -47 -241 -408 -167 -418 224 204 -282 259 -187 242 -16 353 -119 -486 28 27 -47 330 35 -337 51 -73 190 -132 474 448 381 -275 289 -593 -268 382 -147 268 -421 -450 
171 284 -423 -391 213 397 461 24 -696 262 -709 -278 123 -9 69 -501 -22 -767 -408 116 -223 593 -120 -476 550 8 -32 -117 76 -54 81 730 -172 560 -403 479 -347 -581 577 57 233 -56 678 407 93 24 -349 -119 205 -248 -947 -151 132 -201 -53 -287 343 767 226 -389 -741 -414 358 -18 276 -630 133 250 -29 42 -223 -188 -59 425 -672 -173 153 202 -249 -266 -940 305 408 120 52 67 300 447 -14 -349 -298 -297 726 262 202 271 -449 -534 88 -301 
177 486 -12 -742 -506 -167 -1029 439 -22 492 -27 622 -25 -87 381 -641 225 153 470 -116 -286 -416 837 111 -390 -95 631 -674 104 110 -403 210 -141 227 -196 414 78 -142 6 117 -636 -537 -317 152 47 -253 183 325 347 599 65 251 271 -306 274 -582 645 -213 325 251 -680 208 -246 855 108 56 419 -146 348 -376 -180 174 -315 271 -338 187 381 -314 -519 -295 111 -165 479 565 -148 477 -608 -174 -35 441 -344 -595 725 -120 -441 -62 -321 731 187 86 
150 -40 727 -163 572 -56 -159 -712 -10 -674 480 -193 169 -448 304 -548 -314 334 60 169 -209 -469 734 427 65 -316 850 -342 187 -60 -657 305 -899 -270 -174 -56 312 107 701 303 -317 235 527 -323 11 615 420 -604 446 -698 409 521 -835 266 -313 -64 245 -136 -147 69 54 -483 63 -28 -75 -144 113 -353 -63 -238 713 -329 -11 364 -302 -43 -373 -122 105 209 91 119 361 395 -166 494 184 549 401 45 176 141 82 2 1 -253 618 -287 -708 -586 
561 -301 211 370 153 -158 -309 -268 558 -61 505 -560 -56 66 40 487 254 -303 141 -307 -37 328 412 114 247 -41 94 -173 -38 -582 -58 -65 184 -39 -603 -53 -81 13 -485 -15 229 231 -297 393 -9 -134 -87 -612 -380 86 200 3 -305 288 264 258 190 -169 -598 -273 271 444 394 175 29 42 -387 -137 746 368 449 38 -638 -115 409 -47 343 612 756 173 194 320 131 -156 -18 -306 239 374 -139 -702 -248 1 138 -73 -238 -233 -129 191 -200 -139 
-419 -429 294 28 -39 -383 290 -368 760 589 460 -142 -155 -86 -42 -86 947 -437 255 220 -478 -583 21 -587 -470 362 -181 301 137 523 321 -198 494 662 -126 229 -201 -346 990 5 -208 -319 -76 650 -315 273 -168 1248 92 -81 317 759 73 -247 525 -431 241 328 -65 -33 -85 -402 -451 346 -164 870 -82 -373 124 596 8 -395 743 34 -527 -353 -623 590 532 151 125 -394 639 -888 -457 -881 379 -224 -47 385 -425 -80 558 -373 -756 181 -168 -270 13 -812 
-248 -129 -485 -119 -561 -243 -376 -392 -395 128 -5 203 -48 935 -115 -279 -256 -578 -335 -1 304 -158 -179 -491 -629 421 589 -489 -12 54 -212 510 8 -165 32 -501 389 249 -58 144 -116 132 -67 220 443 -536 312 -96 -505 45 87 -179 -45 -156 26 -452 393 625 126 502 223 271 386 37 -440 318 -52 255 -61 344 256 -84 -660 -118 -672 609 22 -423 497 -498 -351 -56 182 80 44 -260 -427 260 414 -28 233 129 610 103 -39 -71 341 185 105 524 
-140 -371 -459 89 -456 -147 281 -348 223 229 -139 231 -807 821 -150 -20 230 -55 279 -185 -33 -35 -546 370 -544 611 249 -596 417 410 -624 -201 697 480 357 -84 209 -374 -251 -13 277 277 5 367 -226 -298 -448 730 -127 313 -697 132 362 125 -258 -416 765 -285 519 -183 268 489 -450 -242 225 368 784 570 306 -327 -181 459 -599 -203 56 373 -655 -256 -382 -519 -580 356 -101 -20 361 379 -441 556 787 -322 273 330 288 560 -11 178 -9 -723 303 82 
166 246 401 101 617 301 -296 -59 245 -148 287 53 -421 -714 -487 -53 293 289 -250 135 195 -114 137 -328 -80 -852 422 -64 -731 -236 -165 -229 -262 155 318 -33 97 309 -608 -39 -68 -27 232 15 -355 -249 147 -198 -408 -76 370 -260 35 316 -6 -232 -12 387 -264 140 214 293 280 609 -493 -266 18 253 588 100 -399 8 -133 177 909 39 164 -576 9 -130 75 -465 -261 235 -302 -39 -51 294 -132 -597 -891 -411 -664 675 350 97 54 321 80 328 
203 -159 570 859 -178 -779 322 299 -168 -630 -627 63 -512 -397 -506 -601 547 127 534 375 207 -10 -610 488 -310 691 -143 162 431 -984 85 -21 419 12 -1073 -194 476 849 201 153 -635 253 16 874 -483 534 250 -488 -460 17 157 -79 415 683 260 -97 452 65 316 334 178 836 421 -503 644 100 16 184 77 575 662 -113 -778 -490 -185 317 -153 -205 134 283 -4 66 -38 401 312 -54 494 135 -180 -1109 51 525 -196 -8 499 -1103 811 133 -822 435 
344 346 -339 261 -413 157 -22 -862 530 -266 232 294 197 338 162 -696 -541 -151 -177 -336 -210 -163 -394 -77 -695 359 -95 -97 395 92 -331 98 -24 -436 204 365 -58 84 416 -212 453 258 236 233 113 249 -831 144 900 349 -269 435 585 -232 258 -436 148 -176 483 -383 -196 -486 -93 265 191 -45 181 110 -13 -272 78 -75 502 5 -236 -252 35 1067 -545 -505 -283 305 -39 -36 -382 -308 -151 593 91 -301 -391 306 82 80 -16 -183 -292 -307 555 10 
382 -528 -960 -223 -439 51 -173 186 218 -239 443 -229 558 479 599 9 421 158 443 112 -105 109 -217 -16 16 458 859 160 469 -427 194 173 -149 148 265 -422 49 62 531 -405 385 232 412 -387 1125 -91 14 -202 -162 -245 -554 697 -653 613 -375 621 402 -577 88 366 428 444 151 30 -60 -58 178 34 -135 -305 305 69 27 387 101 -97 -221 196 292 387 -39 225 98 640 178 250 -897 -268 289 240 -256 779 -455 -108 868 367 -244 685 194 53 
-80 -260 -236 67 581 90 -200 -19 169 355 102 -182 161 85 337 362 -58 -103 -321 -219 -255 876 25 -109 20 170 92 -501 -351 261 340 -94 -85 237 -352 484 100 -884 366 91 -404 -334 445 586 -141 -238 -713 -82 -179 -390 -396 358 570 178 469 592 -287 66 156 -637 363 272 -45 -86 534 580 61 444 318 331 -216 -608 442 15 116 -886 410 126 152 208 -23 -545 210 -205 -148 -152 123 -210 65 -342 -363 -81 287 264 229 89 -575 -223 -144 -494 
814 98 -147 141 297 346 -506 217 -2 -51 60 -69 -232 560 -4 50 177 -108 -49 -939 764 -6 271 -291 132 -14 529 109 35 -124 -134 -234 361 -248 -354 -363 -596 -617 378 199 -12 57 -612 151 117 183 -75 130 48 -329 -50 248 -215 -170 222 -65 59 126 48 -148 79 548 -331 -129 -202 26 -313 666 -58 40 -489 -110 -550 93 -560 328 -89 -563 -212 -288 384 -468 -276 30 -462 193 463 -429 798 154 49 -380 482 328 -334 222 -244 -279 -212 -498 
584 -630 -42 -744 -129 -20 -539 -71 78 656 -455 -161 -244 -441 -308 -201 -413 741 -209 -220 33 -621 90 -444 41 263 344 -152 -139 507 -322 -1 605 446 474 327 -186 -665 494 149 147 -719 249 -20 -322 397 -728 573 153 87 697 48 30 -54 -705 -147 -60 -371 -242 359 -57 -129 -592 562 -161 -290 -671 122 -50 549 213 -195 -144 162 -237 -154 104 -282 -247 -431 337 -287 333 96 277 536 -67 77 460 794 338 -866 33 -158 -476 720 -169 -798 257 295 
67 -273 465 -224 -15 328 -520 531 -31 307 422 -42 -370 43 203 233 -135 -96 485 -171 160 132 202 -590 518 -446 174 -259 233 104 495 514 436 9 230 -542 -426 165 32 492 -215 -1147 79 165 -286 -70 14 436 -121 2 371 -45 -145 59 182 122 238 -7 171 608 676 930 2 1106 -276 527 -567 -5 329 -153 179 -272 -2 -209 -653 52 202 -662 -463 263 405 -406 -121 941 68 -541 -179 -73 33 327 -621 368 -256 -3 139 -84 -321 756 -96 272 
201 119 757 -45 -269 -511 -305 -340 -639 -3 177 -680 -513 428 -536 -87 -126 -162 459 285 -125 433 -170 -227 32 1 458 222 -566 -422 -336 144 -397 -410 203 -137 282 -184 199 -94 348 -512 -253 -263 77 -318 -143 216 -8 -535 -63 -247 -325 266 235 192 -667 -57 37 578 7 -170 -527 -404 -353 390 -237 15 -157 -407 48 -114 358 52 217 139 -606 -152 90 198 312 -129 -346 109 302 -219 216 -488 85 224 226 12 -377 -489 56 -71 -109 16 416 554 
-449 663 -272 134 -259 -36 547 437 144 25 -441 -222 -325 -414 27 92 744 74 87 29 501 259 -285 132 40 602 -118 45 -172 99 116 -166 369 -251 -223 -771 -123 -707 -447 -275 -102 313 497 43 449 171 11 270 -126 -102 -518 -218 875 -7 -311 315 131 514 196 127 -58 297 227 -735 331 10 -438 -37 58 -172 -487 309 167 -516 32 14 434 -448 -95 -360 164 -847 199 -70 -103 2 83 16 301 -450 58 71 -528 614 543 -417 -231 -212 -265 -78 
-539 35 638 -592 -476 207 -294 487 -443 151 -145 10 191 176 167 -551 193 188 -419 -95 -190 75 183 -330 182 78 -421 75 106 556 -59 -18 -164 364 -94 142 -805 -47 495 50 -113 14 164 411 551 -485 15 228 89 -83 -112 87 291 252 278 41 340 -289 62 -142 -11 -63 -425 142 -216 666 126 601 -235 -24 -258 -260 866 94 389 81 -284 242 380 -447 306 -77 -624 -235 -90 -121 -5 -715 -272 -203 -627 -475 -133 -62 95 -158 40 -207 349 223 
48 286 53 -61 523 -89 545 24 671 107 125 39 495 5 -369 -663 -212 538 -315 138 -175 205 -201 -263 559 -285 -335 51 -313 62 448 -163 -351 -368 638 -224 313 663 -587 -178 261 -367 93 -429 91 -59 -52 -447 361 -492 672 -588 253 8 182 166 -200 330 200 -453 429 -599 607 510 353 -241 -126 -11 -385 64 -76 240 -186 -351 433 139 17 426 -760 423 -514 56 -1 979 -153 487 -102 -165 -769 -468 11 -128 -630 111 201 -304 237 -103 -431 -247 
71 282 -350 -540 -17 -113 349 -25 -47 -148 882 -136 283 32 492 852 21 -343 -349 -536 -1 528 -149 -234 23 -67 456 -448 -678 138 -108 103 -649 -350 63 -459 337 -385 -359 139 300 -24 294 796 569 -660 412 896 333 156 -36 379 -545 -165 34 425 -214 -95 -207 -125 398 -160 239 -122 663 -221 -11 583 -416 29 28 62 17 59 -221 -69 -540 -106 437 171 -30 299 139 -378 -106 -24 214 182 191 -60 193 253 -625 110 323 -31 -111 -77 233 -76 
92 -107 695 59 401 189 29 340 34 -399 -224 -137 140 -262 -156 -179 470 556 -161 235 236 -1 458 -115 -191 -85 -23 204 -67 -194 578 533 -61 -466 184 -84 -127 364 307 143 12 -132 201 -298 310 610 121 -99 1 398 -9 -103 616 -138 289 -629 3 174 -531 26 -248 -261 410 -114 463 -750 -700 -116 -520 109 -518 31 -9 180 127 305 94 204 17 -87 236 106 56 869 537 41 402 302 586 -169 14 -431 268 13 -132 79 176 -425 -3 417 
-471 -130 455 -138 -150 423 114 -705 610 165 369 464 449 -303 -916 -259 -196 1058 -245 617 612 -239 32 -322 -592 -111 -699 193 316 542 -27 63 35 490 257 660 465 247 -125 -323 -75 75 -46 -193 -612 524 -199 351 -534 -274 152 227 240 364 94 160 435 -436 -145 435 -310 -118 677 542 -338 -883 -546 -27 586 -232 -381 247 -117 -260 220 -16 -498 600 -439 242 -562 539 -348 81 -15 247 133 313 -34 433 -426 -307 772 -20 -531 424 191 -272 30 -364 
-206 406 -133 -243 -62 -411 -168 717 -175 -185 -267 544 614 145 -350 705 60 -564 709 -694 5 56 148 -492 -452 -204 -1008 22 -235 -410 245 12 171 169 253 289 155 -132 -563 524 -548 -414 -397 -73 132 41 -84 367 275 0 -197 -75 -258 -170 326 -126 -904 138 -113 203 542 272 -954 -745 18 720 757 -203 -6 110 -178 683 372 -487 -146 208 -123 -420 657 -57 53 -60 69 -682 -45 -73 -579 -658 222 381 58 -348 -24 -503 -157 -567 -846 345 180 106 
465 828 -750 52 -236 -50 84 266 -45 142 391 -58 330 330 317 -113 -508 -232 138 53 -417 19 -77 -626 -108 732 -345 503 -62 -421 -128 -50 -485 172 438 -229 -279 -319 -327 -368 44 590 -122 -115 438 140 -265 -71 109 75 303 238 301 -582 289 -426 -419 535 -214 116 -43 -301 -571 216 -86 -163 -90 -1096 64 -128 423 255 -144 -346 95 -374 867 614 -569 -495 -339 -397 309 -738 -669 465 -285 -42 -308 -198 47 -256 209 332 602 -378 15 57 116 642 
184 -773 787 260 183 248 -549 27 302 466 -392 558 8 -424 66 -4 -210 275 553 468 66 899 375 -88 166 -329 -541 13 -248 -31 111 482 -103 -77 -87 -190 28 -80 377 452 -429 -390 -172 -239 138 -11 465 405 -326 150 652 14 100 217 70 267 -313 366 -88 299 -337 -102 -62 365 420 -21 -637 514 33 137 -170 -719 -291 -78 68 624 -460 -77 -113 -403 302 218 -900 1091 283 -161 -2 320 272 239 140 329 561 -85 218 -198 284 65 159 220 
2 -131 -328 245 128 212 182 -270 -61 -40 -112 68 258 -219 116 -516 224 288 30 502 -36 478 744 -10 -531 329 -305 46 -78 -401 -90 -254 112 577 -409 156 329 155 281 -32 -249 -224 -226 481 34 313 -357 -706 -423 362 -439 145 75 695 137 -228 41 288 -325 -64 397 -598 355 29 -67 -358 -132 123 316 507 342 -150 92 349 -330 -6 340 1247 137 161 214 167 -117 289 -433 4 -630 22 -754 178 -700 -122 309 -382 -37 -339 468 62 420 -544 
-517 -378 99 -618 -202 694 -708 -384 -153 394 369 -98 486 163 594 -182 194 -131 -283 424 287 -155 -238 343 -167 160 859 139 -75 644 -350 333 -264 139 152 310 -64 194 -392 -188 -195 112 139 316 481 -417 -277 115 -417 235 -170 -78 -289 693 -811 127 368 -601 318 18 -491 437 657 -152 499 -289 -445 70 454 339 -49 67 -327 -52 390 -91 -125 854 143 170 -15 229 116 186 532 -248 -22 -105 -648 -256 -383 337 245 -292 -242 -575 -331 -15 269 308 
-26 -231 137 -482 217 -347 -474 216 -113 -500 -266 -524 133 601 387 -56 -221 -227 178 -96 11 -258 -137 -193 -651 297 406 118 114 510 -290 296 305 416 -298 -209 263 135 89 188 80 146 674 -257 165 -750 162 529 -136 -95 -20 118 -32 86 386 -439 182 -358 232 340 323 -468 158 -101 -129 -467 276 30 -600 24 166 113 15 201 71 97 394 -57 96 -494 -137 -115 342 430 660 264 -263 -7 -96 305 332 548 -208 -279 604 -254 197 333 -372 172 
-141 109 182 -63 -120 106 -827 60 -101 297 685 -210 -83 -92 263 377 -19 393 266 -770 -13 -157 -493 532 -363 -375 -271 358 368 735 132 179 106 -326 -225 77 -519 131 -351 112 138 22 414 79 -609 130 -165 649 643 616 675 214 132 -631 344 -311 -467 -803 277 234 3 -216 -159 345 -300 392 -122 -262 -190 -395 -433 -88 73 -310 347 -44 -305 -174 -149 64 841 -91 -265 266 343 280 -14 -831 419 763 -411 -148 -109 357 -286 -5 -395 261 -225 -293 
-134 229 602 12 -286 6 455 154 634 -376 -89 101 231 -750 172 -1055 -17 -47 68 484 -160 57 8 -107 726 272 -361 173 89 -267 528 417 121 216 -128 -608 -76 256 465 -662 21 -84 -131 264 105 55 392 -861 187 -621 -179 -272 -654 154 427 -159 212 23 358 117 -56 259 136 449 241 131 -108 129 -557 -106 105 -601 435 -270 -385 -544 137 47 -484 23 -270 -73 -241 -173 62 -779 313 286 -485 -522 -175 520 -227 -469 -308 -462 -256 -280 -368 144 
159 -151 -425 55 -252 363 -344 -184 27 901 -176 -4 -21 -178 243 109 22 58 -145 -291 -559 -213 -444 169 331 732 -94 -177 -28 -184 701 -331 36 239 627 217 -648 -281 67 266 -469 -45 64 -323 227 483 -804 -635 -229 43 -93 192 456 272 -889 -39 -546 -147 143 139 -166 -160 517 152 166 613 437 -273 -650 456 582 -665 388 -156 238 -138 284 -110 -125 -963 930 -182 185 449 256 186 -137 -179 -146 -123 -22 -241 -324 -271 -63 -135 -352 8 430 201 
-227 -187 214 -160 -38 26 300 249 199 958 -234 12 88 -31 -172 210 -287 305 -699 -9 -2 979 -130 -160 485 149 -711 -414 -137 538 160 -491 -286 -96 -5 150 -61 -85 593 -193 -88 416 34 350 669 -912 89 85 35 -162 152 -180 -36 521 -413 766 119 145 457 -415 134 13 -39 -428 945 525 -630 315 -538 130 -111 -39 363 -216 183 -670 338 -454 179 -171 152 -126 38 -553 258 -446 -163 226 -512 -259 -576 358 -315 -267 382 -622 -914 -597 119 -336 
-32 295 -234 338 278 -13 -185 83 259 833 7 -690 28 494 514 278 -317 -366 -114 -351 66 221 133 -265 447 458 -68 -473 436 -68 626 36 -377 733 -367 109 59 -128 282 726 -96 577 389 340 521 47 -168 -390 176 -124 -334 20 -242 -240 -49 -604 150 50 297 -189 214 -575 251 -306 213 -206 471 124 -122 887 518 -268 98 192 -100 50 410 43 -8 265 122 108 154 -131 126 141 -142 -90 414 -435 -178 185 312 509 -124 763 227 162 -37 -113 
-161 194 -182 -337 -346 -157 -644 402 -175 -114 -123 -533 -62 -268 913 -308 118 450 1026 47 395 -358 -333 672 378 633 347 -259 303 112 -652 -55 301 433 151 -524 -100 320 -440 -127 -34 83 -367 -22 86 -114 266 -258 369 892 -252 288 -577 -415 -133 -409 -47 -653 44 -692 -127 229 338 396 123 -277 -248 -182 -305 -117 420 570 19 -610 369 284 383 -92 -260 -340 61 16 -234 73 216 -132 -676 -99 -187 358 754 29 108 -860 141 119 -540 558 -27 67 
279 -470 185 -154 -83 329 -286 -562 -1177 287 332 76 250 239 91 -127 -555 181 -935 -647 -92 -811 -576 268 -718 -529 933 -5 212 263 53 -176 -89 -641 95 157 50 163 136 -124 566 -381 803 130 284 165 -986 -5 84 225 686 -95 -274 226 -198 -88 -555 -1291 153 316 172 110 -135 44 -635 -30 -175 -559 153 408 525 -282 819 284 245 110 371 328 273 184 385 -24 18 47 -53 112 -15 277 -64 4 -148 -56 -303 -144 -215 334 -74 310 437 -348 
220 166 -1072 -604 437 -241 144 118 -356 141 -385 -17 -78 279 40 -122 383 -215 -244 29 -33 -84 73 426 665 211 247 249 568 67 331 701 428 222 69 -205 -128 -237 180 -247 357 -479 577 309 146 374 99 -16 -318 -259 42 -218 298 -446 -228 269 394 52 -297 190 302 -460 -450 -267 -578 -550 -365 194 415 368 -115 368 -340 -66 176 -173 393 409 -431 425 -371 -237 487 382 146 244 -152 457 24 154 -233 -323 -232 -133 182 391 541 -223 -986 -885 
-366 -246 41 381 34 -33 -173 116 1113 -374 543 -653 -1087 169 -249 581 -336 -374 350 552 126 1249 123 -142 588 -18 108 -316 -594 626 -372 -505 -339 450 -650 -355 507 -143 223 -436 167 -597 287 -273 -362 -387 -67 -8 -368 -511 -670 472 -255 84 -216 592 37 620 247 -413 123 -408 -224 -163 624 3 -488 221 44 -440 -339 299 -132 87 -294 -435 613 65 -241 79 47 -253 -64 -488 543 -619 19 -536 -414 137 506 553 -41 177 235 405 -905 -426 247 -369 
-352 -219 -332 345 -96 291 -365 -427 1006 -137 -297 608 -208 -163 172 -584 106 416 665 615 244 -327 -255 349 61 761 95 154 -218 620 -473 -86 397 813 553 -443 803 -321 -220 -281 314 1 139 -417 -415 486 91 -426 -759 -151 -525 478 -841 99 -227 193 103 -280 -113 93 400 -296 92 550 -60 -371 104 211 167 -444 147 224 -159 -465 595 158 137 250 214 728 -304 -58 -402 157 180 -246 -431 533 504 790 230 -27 81 413 -116 750 44 72 158 42 
-262 354 -80 -397 279 -238 279 61 -392 445 -104 -306 -18 159 -50 398 -336 93 -320 -894 -153 -442 485 -65 198 -723 29 -206 -218 285 -86 -144 120 427 154 509 -314 -346 45 176 627 -358 -571 546 -93 96 236 -101 439 205 425 417 241 -698 364 -557 9 61 -413 -290 -351 -47 -318 -60 -362 15 487 -384 -288 106 214 571 368 540 400 269 542 -813 -436 -520 -14 120 72 -517 325 11 -242 -30 -162 147 440 -542 -90 -60 122 650 -195 70 -90 161 
-411 294 -246 -42 128 -102 90 -107 -163 814 390 526 -184 -183 366 274 990 217 59 211 394 -376 -303 -321 695 343 71 602 193 412 -417 481 334 142 1051 -193 -1369 -114 431 -12 448 -53 -349 240 -350 309 7 208 113 337 -414 -117 275 -409 -67 62 312 334 -33 -63 -157 -102 136 44 -663 723 -724 -151 -262 -573 110 -294 -141 331 135 172 -1151 -10 327 135 -516 267 -43 -63 158 -767 -86 263 118 194 -388 214 124 -416 -111 345 -148 224 -729 -539 
26 6 290 297 504 -200 476 -390 551 -26 -345 312 957 94 38 -360 501 -373 -384 97 62 56 -458 -5 -644 177 191 28 -478 436 -110 13 -173 246 -317 -296 660 20 989 6 169 337 -205 -29 -174 -345 222 -48 318 1 -470 618 -298 -31 623 258 56 451 -297 322 -109 95 -349 -344 120 -601 210 116 118 -102 -750 56 355 -92 72 -185 85 322 323 566 -74 -540 679 -273 -395 -208 597 592 109 -317 -185 -277 -190 140 479 -806 -214 -92 415 -49 
-30 -64 105 -182 14 19 937 262 -1331 108 -478 -161 39 -72 214 -455 -540 174 -391 -215 80 23 -106 -342 10 -667 122 -8 -416 -4 371 -184 -555 676 371 -206 -14 25 498 -159 503 202 -14 -419 -29 -376 -184 -566 -208 717 -318 -145 731 237 135 527 616 -162 91 -457 30 12 -42 465 -258 233 -339 -105 -578 -261 -315 -89 81 468 39 -212 324 -400 -129 -36 174 396 27 174 266 -175 278 139 -449 270 197 -34 -304 -302 336 -545 -294 217 -193 575 
-523 -530 -550 311 -99 -227 58 870 -137 -486 -340 -430 -510 236 -612 -169 487 123 -349 331 27 -346 -112 -283 -331 417 452 223 36 -290 440 214 186 636 236 77 448 325 225 -348 -35 -604 538 407 196 889 -1046 -54 -598 -112 221 -470 433 439 -54 -28 320 131 240 -211 572 5 -228 -328 -276 -68 -167 -127 353 508 172 912 220 -152 -90 -416 91 -551 301 -13 201 -304 24 438 330 8 -14 -232 -43 -192 -319 -347 -499 222 184 -383 115 -330 -87 643 
-259 -136 -697 8 -159 867 -13 392 -340 13 -33 216 -280 564 114 12 -258 559 183 -82 174 -412 -511 188 -450 -224 412 305 -112 343 416 208 262 255 413 -304 152 -144 334 -177 248 67 363 784 -545 -562 -274 53 83 228 437 -75 1139 46 375 267 -52 142 -61 313 309 12 -327 1054 -368 -471 -220 -229 599 -196 -289 75 -246 -214 5 26 427 95 -910 -749 154 -279 -79 371 548 165 -5 -319 -303 434 -603 -286 5 438 -420 385 -41 59 144 89 
-92 51 424 721 71 402 -53 -176 -259 208 92 557 -414 357 -369 62 -334 -78 -422 -445 -50 373 -172 -420 230 7 -262 -491 968 145 -205 -393 636 -305 1 311 -449 194 96 159 -83 125 99 259 -31 -443 -217 -116 -15 -540 -124 -415 518 267 -292 -377 -325 121 394 213 -426 263 -49 494 205 243 62 -482 156 126 739 -550 -333 488 -31 296 -222 -311 -370 -184 -388 -927 418 -140 142 -271 237 85 -501 -495 -62 426 483 233 268 179 139 -512 90 -74 
-120 252 -236 -333 7 363 78 -140 -74 -277 -239 217 -365 575 39 447 204 -437 198 21 -164 -299 -137 -322 327 153 48 -266 122 306 -120 -443 -372 -129 701 -238 -32 6 462 275 -397 21 -309 -597 476 -785 -37 -9 400 320 -252 61 -195 -269 -386 -173 -187 146 75 250 568 -536 -41 -531 -268 372 781 16 70 -204 -363 -43 -108 -864 43 331 -126 -700 -90 -258 664 -602 -153 414 725 -458 -440 -567 117 159 440 330 -133 -421 269 -156 -163 -78 652 591 
174 -77 280 351 -321 148 17 -202 -42 74 23 51 -270 -463 -65 296 -873 167 169 186 328 -339 295 81 -374 13 -93 -114 94 -111 200 -326 -424 275 213 70 395 -244 560 388 -126 876 -49 99 506 647 93 144 298 -193 426 382 -395 -103 -295 328 -425 -180 91 -66 -286 200 -465 -227 145 -260 -123 217 204 1029 289 -125 -169 806 1 -299 290 -172 193 -343 137 1 -228 -305 195 215 90 514 497 103 506 -115 3 45 -153 208 -32 -355 -312 -145 
235 -390 69 143 -564 -264 -206 -870 -498 123 118 93 50 -1 -1008 158 -425 266 232 -6 -67 138 299 294 -327 -34 -178 -154 -259 -558 66 -430 173 177 -294 -4 -44 -71 256 -239 -211 704 -369 708 75 363 -494 63 73 -62 297 382 -211 15 285 -310 -608 -192 23 23 -78 -383 -151 157 57 40 138 -102 -111 95 431 -213 67 -314 190 -150 -136 130 -241 -136 916 -241 265 -5 567 -198 560 -87 377 -75 -83 523 315 117 -205 236 469 -316 -148 -132 
562 -44 112 314 515 603 -334 117 -141 -143 -33 175 -868 166 -150 -363 180 649 573 150 -902 -117 244 581 360 127 140 159 621 -281 -55 13 -14 -537 -349 -196 -183 160 50 193 238 281 62 -360 507 550 -173 -510 202 40 -117 617 722 586 52 229 265 133 130 302 -167 42 -134 305 -232 -120 368 -219 610 -676 261 -61 -714 128 758 469 234 -24 138 -230 944 105 -591 1143 556 761 -171 -335 409 71 -119 239 -91 -87 128 237 686 -681 -64 144 
123 233 8 207 -230 -112 -155 334 306 -375 94 21 -220 -250 160 516 -566 -176 -69 11 342 566 -453 -263 -329 -344 -75 -544 335 104 -182 -273 -223 -235 -502 -136 471 294 -499 -143 -359 -642 -146 205 274 -239 68 -310 -7 -644 136 -287 216 -368 156 -54 -69 -255 331 -13 -2 -295 -915 200 600 -171 -148 173 -176 -152 153 -254 -170 173 503 162 353 39 -403 415 -134 -364 -235 -446 -592 168 -492 266 -65 -213 81 -177 40 575 529 417 -278 444 138 49 
-354 171 -176 -49 -37 -134 -40 -82 270 -9 -653 -227 -64 329 -414 -344 435 383 104 324 1 233 67 -117 574 336 -905 285 380 343 102 209 770 226 -184 -561 400 -623 -227 60 -167 270 -316 -308 9 -58 74 606 327 -456 -259 -30 -57 -252 30 147 -13 156 588 -540 -260 -302 29 -200 140 54 -407 -26 -422 227 32 520 411 -868 -219 2 35 215 -108 2 -339 428 -360 -89 -338 -100 145 -96 342 153 98 131 66 -618 239 -336 -152 -250 -553 -293 
345 -105 195 134 391 397 -23 -349 838 -216 664 241 54 -57 -55 729 -94 -670 235 701 -195 280 409 -190 417 -556 329 -182 -629 -159 -728 -915 -395 583 454 -66 167 324 -502 -87 -280 -124 -774 -526 -104 -148 334 -142 -452 -338 -376 519 -584 -156 -216 143 791 359 -355 -6 -312 925 -97 517 276 5 594 148 293 -487 -327 -386 -551 592 113 76 -59 609 -155 237 -627 511 -380 -353 -287 438 -57 185 -180 -37 339 406 571 98 147 530 -227 129 378 -99 
-69 122 -166 -395 -259 386 -251 368 -99 -67 -563 282 -125 34 -86 -12 209 100 -375 -226 -142 -544 -152 243 -301 216 622 -417 -436 91 -184 268 -78 431 -571 -546 440 -329 -404 -583 99 681 -10 436 26 -1057 145 42 -298 -286 -33 -399 -298 -165 247 -73 204 665 829 -333 164 -240 900 -29 132 -593 254 -103 363 17 -38 92 -418 -257 -141 20 390 -161 57 -4 -820 -363 643 -429 173 20 -138 298 -465 -523 336 -445 489 284 -303 -441 266 347 -597 50 
-497 -206 78 -344 -247 -865 -359 537 -444 64 59 -2 -427 101 -130 17 506 485 346 -259 127 -62 -387 707 -257 368 519 -152 -127 218 -243 698 414 -136 -800 543 -615 161 -400 228 -474 -98 466 549 -347 12 187 882 109 386 578 -83 523 318 -374 -858 378 128 328 48 243 -271 424 -324 185 216 -282 -217 597 -314 380 910 -626 -554 -450 160 -161 -250 5 -244 232 324 587 466 752 385 -139 -547 7 10 189 240 398 476 -379 262 -198 -255 -172 -246 
-808 -793 372 298 55 800 -365 -312 -21 845 972 -189 -719 243 259 150 33 -483 -199 -9 -627 278 284 -137 -288 -356 543 -220 -849 -402 362 227 -264 577 294 -186 -270 170 -423 -126 -183 -264 -220 539 488 -109 414 -44 -661 -356 -285 878 -177 -53 -354 17 65 862 -303 228 148 695 -17 334 -35 118 -655 -418 337 247 136 149 -425 22 271 464 -7 282 359 107 275 -460 426 -390 -2 286 370 -120 87 -476 -897 73 61 199 377 -136 236 934 117 157 
884 179 278 230 193 -341 21 365 327 -480 -1007 -109 -490 181 547 -187 -7 203 605 509 140 -158 -471 227 570 238 185 -553 700 -276 46 -376 -544 -453 -524 6 258 325 636 457 489 756 -50 -750 509 -351 50 2 640 513 -518 -550 -177 216 2 214 431 -231 470 -524 -41 -332 2 -214 -193 -152 392 -249 -203 -484 -203 -94 151 -252 -284 29 82 -245 409 251 704 95 -254 -245 -355 -491 148 -217 5 1 454 143 22 -343 -232 -351 227 -511 -89 -313 
-360 660 -20 -257 -203 430 368 -1080 -92 -282 -389 776 36 57 11 -494 -294 192 -467 319 488 -866 592 -3 -320 331 -22 705 -122 184 -225 -259 -157 602 87 -253 -276 51 -256 -611 -285 -458 -152 292 130 502 -368 -229 -322 -694 -289 -382 343 -203 409 -25 332 89 375 -270 376 -1046 -196 -264 340 121 -351 -239 121 -1 57 641 -12 577 -161 16 -7 374 -562 214 -780 61 253 -407 -558 -5 299 494 215 -400 -351 427 -213 -116 -437 -136 571 -588 -811 -101 
-142 185 31 -29 -238 -339 491 138 -206 -633 -357 -217 -15 38 -104 -268 -291 -182 -176 268 103 384 -86 58 10 -495 -314 -190 548 -113 -199 -294 38 130 -270 86 353 -145 406 -197 -409 -100 821 637 506 -283 150 -301 17 33 597 -289 670 -172 609 546 72 -138 552 -164 -126 -207 76 262 105 262 546 122 -696 290 100 40 1 294 308 97 73 -234 246 -236 582 -426 -105 724 562 -210 439 -79 -382 -173 212 318 -41 -100 429 -326 71 24 -615 291 
-91 135 -375 -129 633 546 86 -8 -528 169 25 562 57 86 178 356 -92 -57 -283 -203 312 163 -219 -494 120 -477 -336 -288 -47 394 -376 -230 746 -14 239 -55 258 -371 -450 161 221 71 -487 436 -243 -312 -146 67 54 -195 -25 -588 651 136 42 -170 -198 413 -13 708 -584 749 -259 429 -161 -154 -206 232 868 35 248 -285 -185 177 -198 -181 441 -136 -609 -456 -584 -262 44 -213 -283 212 406 1 -318 778 -341 140 234 437 184 -182 562 -109 550 115 
-934 247 285 -569 -248 48 -4 -307 -608 461 249 60 -93 -408 -311 -349 132 497 -135 476 426 102 576 -108 -389 301 529 -207 -595 457 -476 632 356 326 373 -80 -62 101 -734 142 -451 -79 -580 791 -19 125 22 -3 -108 -240 -430 -24 40 -38 -985 -627 412 482 -281 408 -409 -277 173 -236 1 -180 -751 156 -46 -34 -132 -259 -556 -75 -386 722 -966 -196 -315 1 -722 691 336 -53 101 611 -127 352 -77 177 214 -132 620 335 -781 384 559 -195 364 180 
-291 947 216 -171 779 176 -604 297 -183 -545 348 250 74 -844 54 140 160 -237 170 -154 914 144 384 339 209 -284 331 -119 10 -615 7 -205 -629 -143 13 480 -243 349 -91 226 -82 134 -98 -472 136 776 -80 -537 93 26 117 -100 -161 12 -401 740 223 447 -124 -281 -372 394 7 -83 152 253 654 -114 548 -118 -505 84 -228 125 1001 198 466 -682 256 -222 615 -326 123 323 418 226 -104 -367 213 -589 -278 326 -506 69 -349 127 -422 246 121 175 
28 -187 -22 -148 -340 80 623 -77 120 205 395 -284 -5 -520 -63 -37 -96 33 -14 -120 158 109 102 -8 110 -656 251 43 61 -262 -114 77 -116 -128 -203 -693 -130 361 196 14 -85 145 -85 586 414 34 179 106 331 176 87 -358 -695 -637 67 -154 -116 352 -148 -179 -56 444 -333 99 117 286 -411 495 -108 184 -429 -639 -30 -140 103 432 -488 75 13 146 134 -8 -614 338 -107 20 237 44 242 -521 24 100 200 574 -81 -569 -129 -241 251 290 
65 -223 -545 205 -921 346 21 488 -662 406 -247 665 -133 251 89 -178 -64 16 -418 -237 -290 -596 -501 -254 -91 177 215 693 208 183 -28 914 42 -286 106 -582 -559 -359 91 330 891 466 22 -231 -125 539 -174 -197 791 -152 139 -573 -65 109 -148 -221 -402 68 29 45 391 -79 -312 216 -54 -247 -196 -47 287 33 560 135 257 -179 -166 -109 -105 -214 -281 -240 -291 160 233 237 280 705 107 -250 320 276 -51 -5 -1208 255 127 366 488 512 -16 -13 
-394 396 122 -685 848 -560 417 95 -51 -237 -420 -235 -34 -505 -111 -219 -266 324 234 113 773 309 -347 427 90 -461 -179 -651 101 303 37 646 -342 189 -227 270 442 588 -693 316 66 -386 -7 42 -96 470 89 574 -365 912 340 -532 -336 108 432 -274 -59 -534 227 -282 -320 -269 305 325 238 -463 -287 -19 406 238 70 372 -326 -273 314 298 69 -173 319 289 514 264 -426 -148 -140 -12 51 214 315 -134 753 -269 981 501 -723 -377 -108 -440 -379 218 
-462 250 1020 266 -185 -357 235 -8 695 -112 1252 -37 -15 -972 -485 64 -68 -485 116 394 179 367 190 -46 302 -322 -413 217 222 -58 34 -591 -151 -248 -303 -115 -254 298 -92 371 -151 -744 -200 -174 -531 552 425 744 451 -77 559 108 -386 -104 25 -11 120 217 -140 -68 -291 -61 -134 517 646 455 -726 -777 5 -434 190 39 -232 -193 -79 110 -204 99 -72 611 205 3 -481 -325 -118 -63 -13 -193 -521 -167 -94 93 647 -164 -78 -255 -707 -45 -198 -73 
-584 214 -373 504 40 108 240 -533 -422 443 -89 -27 275 -53 240 -150 437 -389 -106 159 97 419 -12 -290 470 483 -181 137 -56 754 -285 95 710 18 -359 -537 -179 -332 -52 -307 -279 -70 120 774 392 329 -176 -481 -20 269 -357 98 677 509 -197 406 -600 516 268 -167 -367 557 -55 -658 -440 529 -287 -49 149 549 901 362 32 -168 -175 -125 15 449 235 34 524 -32 -515 -302 78 -685 334 -265 26 47 187 438 207 -344 437 -386 -38 -535 -798 -368 
29 -283 384 -129 157 -262 298 -1166 245 303 -332 -373 119 -91 -269 -619 -524 504 -864 -197 -291 -151 233 -396 538 -161 -181 99 -550 -197 -113 -613 256 40 286 207 523 -1 305 230 526 -287 -472 322 85 -39 358 -605 -113 -234 716 195 -209 -195 -507 309 -2 145 -124 -1029 -126 -250 637 539 129 315 -594 461 -243 893 845 97 116 107 -29 -223 -70 335 -326 386 -98 -265 63 -153 261 -607 521 493 -369 -327 339 104 168 -604 374 133 294 -628 -685 -305 
177 -55 30 244 -306 106 -409 239 -383 -350 -32 -449 135 -621 358 -98 396 62 -155 468 -25 3 -228 571 13 -31 175 106 -73 -694 124 359 149 -701 -607 22 151 402 -74 362 137 10 82 -78 19 -311 613 -404 339 268 -61 -290 -199 161 -473 -95 -356 34 -642 -151 63 379 220 76 320 -192 23 -82 -112 87 -487 -477 65 -407 48 242 -283 86 151 -393 -195 288 -508 141 193 -365 151 -137 -241 -486 57 443 -803 -365 332 344 112 400 85 51 
195 266 94 -40 -231 245 -317 -167 404 -160 358 699 395 -512 147 -522 100 220 -304 -87 375 -79 -348 1111 390 598 -200 366 77 -248 431 -372 -205 -239 -725 -266 -146 -1201 329 -670 -94 -366 1018 -120 -363 894 236 330 -82 -393 500 -68 61 327 280 473 241 -218 326 -292 3 -864 -7 -395 -53 289 252 114 306 -405 -205 -171 416 -23 569 -392 -487 -216 -109 -266 77 -91 -269 388 -664 170 -44 489 286 187 -473 21 -591 139 -243 103 23 -300 -417 -891 
-148 -164 724 94 88 -84 237 -311 844 168 -91 297 -403 -495 698 266 545 167 239 73 -48 -51 -362 235 514 -473 -361 -494 -688 -170 -440 -374 76 58 -53 -447 -19 -528 33 -42 480 406 -706 195 -171 -459 321 183 687 332 254 283 -41 -258 793 389 -469 168 26 162 -537 217 -248 855 -65 368 135 732 15 -635 95 -200 183 -69 543 -333 -268 -234 272 297 171 -138 148 -254 116 -628 720 41 82 439 -27 42 99 -107 -515 613 326 272 66 -390 
-134 -373 187 -345 -334 -920 -358 -160 -171 -281 137 396 46 14 412 93 733 133 243 253 71 -505 72 -138 262 259 106 375 42 276 -324 200 157 658 341 -305 -600 -273 219 -135 148 181 -326 393 67 -21 427 223 12 323 534 420 -435 -342 222 73 402 -168 -137 442 39 -234 -340 90 -875 261 385 420 -405 40 -96 -205 -440 -86 97 611 -562 -238 764 37 371 115 199 609 256 30 -805 -217 -64 477 129 243 424 -177 -225 521 708 397 -582 -429 
-141 421 214 100 -296 289 211 121 205 -45 -57 423 93 -86 363 426 -478 -101 -19 -230 -441 14 -293 -132 92 106 48 -279 122 11 104 12 47 -559 -432 -47 -293 -587 153 363 -574 -85 -509 460 282 267 92 -237 -437 -254 313 -24 387 79 422 285 -316 -20 -98 497 -187 899 -240 325 340 326 605 -404 284 -280 48 -814 -433 -314 115 123 -241 -547 -314 -132 620 -741 53 -342 -332 -124 326 -477 -253 -266 508 -248 154 662 -216 -148 -98 -24 34 351 
-43 265 -128 90 30 359 367 -169 -45 34 182 439 -395 596 -141 -533 -454 -516 -15 10 211 28 -360 -89 683 -217 19 256 361 -173 -264 45 6 403 473 -420 -535 -173 180 -150 10 473 113 266 9 57 198 -291 41 -113 127 124 186 102 129 -59 -76 128 281 245 -23 17 179 386 -708 173 -211 -148 -63 -329 402 -37 -674 -1191 126 769 -190 -202 -697 -164 -410 196 -362 287 163 -498 221 -5 164 177 164 54 657 566 -109 -488 106 960 419 291 
154 347 368 -148 -43 -76 527 -162 657 293 -413 -574 107 62 -93 215 -179 143 157 -329 308 196 -184 -101 -384 -395 -25 154 -188 47 210 -571 -388 -107 -29 188 200 -189 -437 -8 903 191 64 -20 751 29 -235 -404 432 -136 -33 205 163 -2 -547 356 -686 -161 800 -718 160 130 239 160 217 610 147 98 128 -305 -168 63 632 -378 -233 202 412 -443 -718 39 -114 145 -579 -300 -337 -172 -496 382 382 -262 514 -16 690 659 -413 294 184 -504 131 -227 
263 227 -688 -74 -244 -87 492 -50 598 159 -746 460 599 -143 -598 -272 -159 412 38 218 -732 238 -215 -157 -539 236 -211 248 -122 400 -236 -300 417 -170 -544 634 293 159 182 -396 -372 154 255 605 284 113 -390 140 25 123 190 118 609 856 228 -148 0 616 381 37 703 -359 109 -465 116 107 355 -424 -83 -403 584 219 368 -53 101 -470 583 -134 -506 192 -216 -222 -278 -226 -312 -148 -356 51 -821 -27 186 385 -590 284 544 -316 482 -408 -57 -121 
-656 -651 -171 -88 -802 393 536 98 65 166 -502 -75 -98 803 -302 213 -1154 30 -732 -141 287 462 245 -156 -346 -522 -335 354 -655 473 433 544 -155 418 316 -135 -257 -525 108 -277 399 -172 443 -301 567 -382 -239 -176 -213 -579 409 168 -8 207 135 -82 -106 -66 206 -133 706 -452 -103 44 -178 -181 -208 -148 -268 -65 -374 391 102 504 -656 -361 55 233 -330 -560 -107 143 -496 10 364 -411 -311 -3 -42 -154 -38 -132 -249 484 97 80 49 272 -28 118 
278 295 -151 -490 -28 22 54 -168 -744 -8 -122 293 -292 465 40 -85 -327 -115 170 -124 -75 -303 585 43 -715 -418 149 -687 -173 -113 -223 -44 -400 48 -316 -243 -172 352 166 253 117 323 -666 -137 567 560 -1146 118 811 296 -209 323 900 -502 59 -672 258 408 165 -116 653 234 -259 -346 -304 -298 614 -580 1201 102 -335 915 190 617 -177 194 26 -303 -449 50 532 -30 489 79 -205 845 -209 203 603 -513 603 -75 -875 -464 -126 628 76 67 -47 -429 
-767 76 356 138 -154 420 432 -631 -278 2 -715 -75 -312 -348 -413 -186 -334 11 60 -430 -209 622 -79 508 -604 -526 -348 -644 -396 46 340 611 86 -312 379 222 547 217 -116 677 -42 569 371 142 800 64 55 163 -325 151 -506 370 309 654 -382 117 120 721 194 -185 13 144 800 -652 462 98 216 -16 -484 214 143 413 946 9 465 42 -62 16 538 -172 225 228 -563 -641 329 -45 -234 504 294 -949 -53 -53 -183 332 -33 -13 -363 -73 296 333 
538 491 163 -254 -19 -605 -9 -96 -134 175 270 -9 -95 587 259 189 51 -202 -100 399 -193 -2 -126 -571 152 -99 -45 421 -304 301 -287 320 -795 482 982 226 523 -278 384 240 393 -31 2 -61 -805 -369 -146 -41 144 18 -249 304 98 -574 -139 447 249 -242 836 -289 80 -379 -559 -289 -26 298 385 -83 -707 -262 -402 387 591 518 -529 -897 -174 288 -109 39 -227 611 648 -381 643 163 -1 371 790 568 669 490 6 -512 -619 118 -122 -183 284 366 
402 290 -96 159 -64 -119 464 -403 191 -462 251 124 280 147 -323 -7 529 540 -282 325 -478 -73 -167 169 409 26 25 491 34 105 -386 214 178 -678 -126 245 -335 380 -207 -243 91 -58 -377 -253 -25 195 133 -237 -257 -140 142 101 284 807 -350 218 -332 -179 -350 175 106 544 204 -469 -404 -278 -687 306 -325 -587 288 488 238 -78 -224 -407 305 591 -190 195 -539 -28 -162 467 -325 -6 -263 -76 -379 282 642 466 -32 144 -117 36 423 -312 88 -455 
-51 67 797 207 204 521 -16 -3 187 -612 -261 6 345 149 319 -608 -539 -23 237 314 83 -72 796 22 -85 -301 -721 312 -224 -4 20 -97 -474 492 638 38 591 -690 748 221 687 49 367 -656 672 392 -3 194 571 33 -163 233 -344 263 113 14 402 70 237 -34 492 -247 -91 -382 -528 214 441 26 -782 -526 243 417 625 171 -296 -73 -104 11 212 203 -20 434 -528 59 217 -416 -48 -25 433 676 147 -209 -2 -508 134 -165 -69 -586 799 309 
-35 550 -319 -74 46 -411 585 80 -412 -84 -621 -454 407 61 416 -73 102 -583 182 -81 -224 234 291 -270 381 438 80 -191 105 -417 299 336 208 118 -261 2 -76 -267 236 167 -327 378 -240 -112 520 -44 -447 -528 105 -17 -295 -49 10 -96 138 245 -526 107 -216 29 38 118 -200 -412 -282 -495 835 130 84 335 274 -239 542 -501 -334 42 287 97 -123 48 490 -120 290 218 -304 -6 360 -126 -366 -394 111 451 -395 53 -60 285 304 802 -343 -207 
57 126 -144 -469 -654 334 -238 274 -425 100 -347 -38 -99 -412 395 -788 857 1044 -311 -512 145 -752 397 317 -461 500 379 -154 -72 384 191 221 202 227 182 -205 -242 207 -122 -546 -253 107 167 440 186 -687 -47 90 -44 571 184 -501 -343 -157 -139 -170 407 -437 -20 87 520 82 287 -661 -318 52 -447 287 -145 344 -38 107 598 -453 -287 411 98 -446 -140 -89 -35 34 112 164 -344 -156 -336 -87 427 -243 -732 -321 -276 168 137 -155 273 32 -36 -107 
-360 351 -246 102 -7 133 -144 -625 -452 37 -413 -357 -379 358 -184 -55 -620 -205 -222 231 267 180 -445 317 37 -232 78 -447 -310 -210 -374 -233 -624 -342 -129 -186 496 101 -138 363 502 1040 418 7 331 211 400 99 315 466 196 55 -560 -1250 -210 -159 -396 510 435 -772 -473 -422 566 -361 27 -488 602 -292 236 217 -268 -19 -376 378 174 414 157 293 254 -237 -197 -247 276 -103 737 414 -548 40 213 270 456 -15 467 436 -141 88 64 274 -467 -830 
